Japan, Population size(5 year) Last modified:2023-12-05, ver.004_004 JMD(IPSS)

Year     Age      Female         Male        Total
1947   0        905090.73    952372.62   1857463.35
1947   1-4     3692444.92   3796550.53   7488995.45
1947   5-9     4421552.11   4530110.73   8951662.84
1947  10-14    4330205.77   4413529.48   8743735.25
1947  15-19    4020775.59   4003729.99   8024505.58
1947  20-24    3586764.50   3183942.31   6770706.81
1947  25-29    2985786.41   2405983.13   5391769.54
1947  30-34    2765169.50   2426575.41   5191744.91
1947  35-39    2493075.09   2324720.60   4817795.69
1947  40-44    2030475.46   2075044.49   4105519.95
1947  45-49    1821067.82   1893604.07   3714671.89
1947  50-54    1514072.39   1564868.16   3078940.55
1947  55-59    1315585.10   1291246.01   2606831.11
1947  60-64    1130195.23    998975.63   2129170.86
1947  65-69     943163.62    762366.03   1705529.65
1947  70-74     656808.05    474702.81   1131510.86
1947  75-79     333331.73    209422.61    542754.34
1947  80-84     149346.68     79335.37    228682.05
1947  85-89      40633.22     18642.73     59275.95
1947  90-94       8509.14      3342.45     11851.59
1947  95-99        838.45       369.28      1207.73
1947 100-104        60.01        24.01        84.02
1947 105-109         8.00         7.00        15.00
1947 110+           11.00         6.00        17.00
1948   0       1230805.73   1286478.24   2517283.97
1948   1-4     3551616.59   3667200.53   7218817.12
1948   5-9     4452646.42   4569083.61   9021730.03
1948  10-14    4362382.94   4448356.83   8810739.77
1948  15-19    4107152.32   4118939.55   8226091.87
1948  20-24    3669878.00   3397143.44   7067021.44
1948  25-29    3057949.14   2426303.73   5484252.87
1948  30-34    2762637.57   2396504.11   5159141.68
1948  35-39    2543232.87   2334293.33   4877526.20
1948  40-44    2073318.81   2079525.46   4152844.27
1948  45-49    1881998.31   1944567.33   3826565.64
1948  50-54    1542576.85   1593924.07   3136500.92
1948  55-59    1346365.74   1328152.05   2674517.79
1948  60-64    1124585.62   1003744.45   2128330.07
1948  65-69     950232.86    767717.20   1717950.06
1948  70-74     685862.43    492985.63   1178848.06
1948  75-79     349663.68    219036.51    568700.19
1948  80-84     155703.55     82318.93    238022.48
1948  85-89      40968.40     18228.32     59196.72
1948  90-94       8689.36      3356.53     12045.89
1948  95-99        877.25       342.17      1219.42
1948 100-104        49.00        17.00        66.00
1948 105-109         5.00         3.00         8.00
1948 110+            6.00         1.00         7.00
1949   0       1261196.73   1315359.99   2576556.72
1949   1-4     3748148.24   3889476.38   7637624.62
1949   5-9     4620414.48   4737120.99   9357535.47
1949  10-14    4301333.74   4392569.58   8693903.32
1949  15-19    4146217.15   4185281.13   8331498.28
1949  20-24    3749635.51   3593001.97   7342637.48
1949  25-29    3186768.44   2521856.87   5708625.31
1949  30-34    2751941.99   2350889.78   5102831.77
1949  35-39    2588443.36   2342052.84   4930496.20
1949  40-44    2125018.01   2100339.36   4225357.37
1949  45-49    1925460.87   1977800.55   3903261.42
1949  50-54    1597227.98   1646204.86   3243432.84
1949  55-59    1347814.87   1334152.86   2681967.73
1949  60-64    1138143.99   1038978.23   2177122.22
1949  65-69     962061.14    777162.42   1739223.56
1949  70-74     707752.16    512307.79   1220059.95
1949  75-79     371165.17    235772.35    606937.52
1949  80-84     170812.33     91220.37    262032.70
1949  85-89      44308.19     19906.04     64214.23
1949  90-94       9508.24      3703.07     13211.31
1949  95-99        970.09       389.10      1359.19
1949 100-104        63.00        23.00        86.00
1949 105-109         5.00         1.00         6.00
1949 110+            4.00         1.00         5.00
1950   0       1263799.03   1308052.36   2571851.39
1950   1-4     3999252.47   4162329.06   8161581.53
1950   5-9     4753743.89   4879312.42   9633056.31
1950  10-14    4264416.55   4361029.92   8625446.47
1950  15-19    4175258.32   4235535.87   8410794.19
1950  20-24    3829168.58   3726285.18   7555453.76
1950  25-29    3298867.85   2672943.68   5971811.53
1950  30-34    2738985.96   2303191.27   5042177.23
1950  35-39    2632662.22   2356178.64   4988840.86
1950  40-44    2221120.94   2148487.51   4369608.45
1950  45-49    1953887.81   1992063.20   3945951.01
1950  50-54    1630292.60   1681184.10   3311476.70
1950  55-59    1346161.34   1346968.72   2693130.06
1950  60-64    1178457.62   1085324.45   2263782.07
1950  65-69     966033.96    784953.96   1750987.92
1950  70-74     728473.11    529994.55   1258467.66
1950  75-79     397354.83    254305.57    651660.40
1950  80-84     175678.49     93884.51    269563.00
1950  85-89      50033.76     22499.39     72533.15
1950  90-94      10043.11      3831.87     13874.98
1950  95-99       1097.08       400.08      1497.16
1950 100-104        70.00        29.00        99.00
1950 105-109         7.00         0.00         7.00
1950 110+            3.00         1.00         4.00
1951   0       1082637.07   1138806.83   2221443.90
1951   1-4     4454649.63   4634838.08   9089487.71
1951   5-9     4591606.36   4714604.07   9306210.43
1951  10-14    4268640.46   4366873.28   8635513.74
1951  15-19    4256895.45   4324748.88   8581644.33
1951  20-24    3881168.47   3839730.28   7720898.75
1951  25-29    3375254.73   2839580.71   6214835.44
1951  30-34    2824971.90   2320675.84   5145647.74
1951  35-39    2667106.66   2356032.58   5023139.24
1951  40-44    2280316.60   2184961.92   4465278.52
1951  45-49    1992095.24   2007383.08   3999478.32
1951  50-54    1676779.20   1720286.91   3397066.11
1951  55-59    1372165.94   1378808.92   2750974.86
1951  60-64    1202586.45   1118751.18   2321337.63
1951  65-69     970346.20    792997.65   1763343.85
1951  70-74     743780.85    541748.64   1285529.49
1951  75-79     423065.24    271214.87    694280.11
1951  80-84     175771.27     94047.92    269819.19
1951  85-89      56378.21     25051.51     81429.72
1951  90-94      10339.61      3841.36     14180.97
1951  95-99       1203.02       375.00      1578.02
1951 100-104        72.00        36.00       108.00
1951 105-109        10.00         1.00        11.00
1951 110+            2.00         1.00         3.00
1952   0       1003555.28   1046928.12   2050483.40
1952   1-4     4658574.96   4852816.19   9511391.15
1952   5-9     4435509.20   4571608.57   9007117.77
1952  10-14    4387542.25   4486750.92   8874293.17
1952  15-19    4289439.21   4355734.31   8645173.52
1952  20-24    3933931.90   3911966.64   7845898.54
1952  25-29    3483567.53   3086707.48   6570275.01
1952  30-34    2902969.73   2331928.02   5234897.75
1952  35-39    2687730.48   2350092.39   5037822.87
1952  40-44    2418454.84   2244137.65   4662592.49
1952  45-49    1960967.54   1985334.31   3946301.85
1952  50-54    1741739.45   1784119.28   3525858.73
1952  55-59    1423766.09   1432912.71   2856678.80
1952  60-64    1196928.73   1125540.81   2322469.54
1952  65-69     978355.35    807053.71   1785409.06
1952  70-74     752488.10    551186.09   1303674.19
1952  75-79     457867.14    293363.80    751230.94
1952  80-84     181504.36     97961.91    279466.27
1952  85-89      60682.88     27095.09     87777.97
1952  90-94      10437.75      3812.43     14250.18
1952  95-99       1271.06       398.01      1669.07
1952 100-104        78.00        42.00       120.00
1952 105-109         9.00         0.00         9.00
1952 110+            2.00         0.00         2.00
1953   0        943776.63    987196.87   1930973.50
1953   1-4     4465524.37   4652374.09   9117898.46
1953   5-9     4648697.62   4806815.48   9455513.10
1953  10-14    4430532.52   4537258.39   8967790.91
1953  15-19    4329633.25   4383646.39   8713279.64
1953  20-24    4036067.54   4033254.90   8069322.44
1953  25-29    3580058.14   3315758.21   6895816.35
1953  30-34    2986256.11   2366280.39   5352536.50
1953  35-39    2694142.43   2332072.92   5026215.35
1953  40-44    2476171.12   2264192.80   4740363.92
1953  45-49    2010459.41   2000527.31   4010986.72
1953  50-54    1805825.45   1841566.28   3647391.73
1953  55-59    1460510.88   1472344.11   2932854.99
1953  60-64    1228321.35   1164886.12   2393207.47
1953  65-69     980631.81    821453.19   1802085.00
1953  70-74     765533.12    563160.14   1328693.26
1953  75-79     484839.51    309877.35    794716.86
1953  80-84     192587.32    105217.27    297804.59
1953  85-89      64949.66     29042.83     93992.49
1953  90-94      10874.71      3955.36     14830.07
1953  95-99       1403.09       445.03      1848.12
1953 100-104        81.00        43.00       124.00
1953 105-109         9.00         1.00        10.00
1953 110+            1.00         0.00         1.00
1954   0        879974.19    919527.71   1799501.90
1954   1-4     4183084.60   4359981.84   8543066.44
1954   5-9     4878883.88   5064964.25   9943848.13
1954  10-14    4605814.62   4713611.25   9319425.87
1954  15-19    4274039.19   4325488.77   8599527.96
1954  20-24    4087248.75   4091703.92   8178952.67
1954  25-29    3674978.32   3528990.63   7203968.95
1954  30-34    3124962.44   2474515.32   5599477.76
1954  35-39    2691785.34   2297139.41   4988924.75
1954  40-44    2529868.08   2281771.57   4811639.65
1954  45-49    2065121.19   2027886.64   4093007.83
1954  50-54    1853668.43   1881474.66   3735143.09
1954  55-59    1517868.87   1527289.77   3045158.64
1954  60-64    1233922.07   1174255.42   2408177.49
1954  65-69     994185.52    854409.00   1848594.52
1954  70-74     777435.38    570877.86   1348313.24
1954  75-79     500011.43    319681.24    819692.67
1954  80-84     205279.00    112540.00    317819.00
1954  85-89      69994.04     31100.34    101094.38
1954  90-94      11559.34      4127.26     15686.60
1954  95-99       1437.04       458.02      1895.06
1954 100-104        81.00        31.00       112.00
1954 105-109         9.00         3.00        12.00
1954 110+            0.00         0.00         0.00
1955   0        833244.48    879089.80   1712334.28
1955   1-4     3831041.51   4001160.39   7832201.90
1955   5-9     5153702.11   5356039.97  10509742.08
1955  10-14    4743033.25   4861856.36   9604889.61
1955  15-19    4245588.27   4297938.72   8543526.99
1955  20-24    4124089.09   4126178.87   8250267.96
1955  25-29    3765333.02   3670958.67   7436291.69
1955  30-34    3247891.96   2638977.38   5886869.34
1955  35-39    2688238.90   2260006.90   4948245.80
1955  40-44    2580361.63   2303221.09   4883582.72
1955  45-49    2163634.28   2080598.99   4244233.27
1955  50-54    1886219.84   1901801.44   3788021.28
1955  55-59    1555605.35   1566566.09   3122171.44
1955  60-64    1239728.75   1192127.14   2431855.89
1955  65-69    1032515.53    897169.04   1929684.57
1955  70-74     786701.72    581392.87   1368094.59
1955  75-79     519904.59    333146.57    853051.16
1955  80-84     224416.97    123215.28    347632.25
1955  85-89      73259.02     32303.85    105562.87
1955  90-94      13230.13      4757.22     17987.35
1955  95-99       1501.00       447.00      1948.00
1955 100-104        95.00        24.00       119.00
1955 105-109        11.00         5.00        16.00
1955 110+            2.00         0.00         2.00
1956   0        814665.89    855022.69   1669688.58
1956   1-4     3601788.08   3756609.59   7358397.67
1956   5-9     5460835.18   5695756.25  11156591.43
1956  10-14    4582366.17   4697687.01   9280053.18
1956  15-19    4251064.35   4305603.96   8556668.31
1956  20-24    4213426.09   4204740.56   8418166.65
1956  25-29    3822054.48   3780494.24   7602548.72
1956  30-34    3333559.25   2818588.70   6152147.95
1956  35-39    2781040.48   2284817.84   5065858.32
1956  40-44    2616164.35   2306901.34   4923065.69
1956  45-49    2228749.36   2124247.40   4352996.76
1956  50-54    1928182.45   1920321.28   3848503.73
1956  55-59    1604903.54   1609757.40   3214660.94
1956  60-64    1274004.81   1229876.42   2503881.23
1956  65-69    1056256.72    927734.35   1983991.07
1956  70-74     795861.67    592658.70   1388520.37
1956  75-79     536667.71    344253.95    880921.66
1956  80-84     243889.05    134497.79    378386.84
1956  85-89      75111.69     33466.94    108578.63
1956  90-94      15809.16      5543.27     21352.43
1956  95-99       1585.00       449.00      2034.00
1956 100-104       104.00        27.00       131.00
1956 105-109        10.00         5.00        15.00
1956 110+            3.00         0.00         3.00
1957   0        784750.66    825456.29   1610206.95
1957   1-4     3428668.00   3583470.69   7012138.69
1957   5-9     5608148.93   5842466.01  11450614.94
1957  10-14    4417619.65   4538897.61   8956517.26
1957  15-19    4362855.20   4411215.01   8774070.21
1957  20-24    4238920.85   4229920.26   8468841.11
1957  25-29    3876158.82   3850246.64   7726405.46
1957  30-34    3440017.15   3062759.60   6502776.75
1957  35-39    2862471.99   2300278.31   5162750.30
1957  40-44    2636862.42   2301431.91   4938294.33
1957  45-49    2364711.39   2183203.96   4547915.35
1957  50-54    1900335.52   1900189.19   3800524.71
1957  55-59    1666271.45   1668703.09   3334974.54
1957  60-64    1327445.43   1282316.30   2609761.73
1957  65-69    1053517.81    934028.41   1987546.22
1957  70-74     802552.44    604529.22   1407081.66
1957  75-79     543448.38    349997.51    893445.89
1957  80-84     264631.44    145552.18    410183.62
1957  85-89      77935.23     34825.03    112760.26
1957  90-94      16678.20      5858.29     22536.49
1957  95-99       1533.00       443.00      1976.00
1957 100-104       105.00        29.00       134.00
1957 105-109         9.00         5.00        14.00
1957 110+            3.00         0.00         3.00
1958   0        739533.95    777232.25   1516766.20
1958   1-4     3279566.60   3434036.38   6713602.98
1958   5-9     5359936.11   5582981.33  10942917.44
1958  10-14    4631426.45   4775490.17   9406916.62
1958  15-19    4401102.79   4445256.60   8846359.39
1958  20-24    4267321.78   4244079.96   8511401.74
1958  25-29    3975217.82   3966239.82   7941457.64
1958  30-34    3533107.42   3286281.71   6819389.13
1958  35-39    2945944.19   2337714.10   5283658.29
1958  40-44    2643569.15   2284707.43   4928276.58
1958  45-49    2421223.87   2200735.49   4621959.36
1958  50-54    1947501.52   1914532.68   3862034.20
1958  55-59    1728305.78   1721675.98   3449981.76
1958  60-64    1363315.56   1316938.25   2680253.81
1958  65-69    1083711.19    965523.78   2049234.97
1958  70-74     803379.25    612681.91   1416061.16
1958  75-79     549799.65    353977.79    903777.44
1958  80-84     275955.65    150192.42    426148.07
1958  85-89      81139.10     36654.29    117793.39
1958  90-94      17066.20      5877.31     22943.51
1958  95-99       1520.00       435.00      1955.00
1958 100-104       106.00        27.00       133.00
1958 105-109         4.00         4.00         8.00
1958 110+            1.00         0.00         1.00
1959   0        783219.23    821697.26   1604916.49
1959   1-4     3142301.66   3297910.60   6440212.26
1959   5-9     5025200.60   5230025.46  10255226.06
1959  10-14    4866500.33   5040664.58   9907164.91
1959  15-19    4565053.43   4600541.40   9165594.83
1959  20-24    4200992.57   4166765.72   8367758.29
1959  25-29    4019865.92   4016135.02   8036000.94
1959  30-34    3627421.04   3500341.00   7127762.04
1959  35-39    3083242.66   2445279.30   5528521.96
1959  40-44    2642468.00   2251791.04   4894259.04
1959  45-49    2475730.49   2218911.36   4694641.85
1959  50-54    1997791.11   1939001.75   3936792.86
1959  55-59    1778478.96   1761238.43   3539717.39
1959  60-64    1415395.03   1365798.94   2781193.97
1959  65-69    1097432.14    979320.30   2076752.44
1959  70-74     818300.52    641943.01   1460243.53
1959  75-79     563270.60    362935.99    926206.59
1959  80-84     289747.04    157767.70    447514.74
1959  85-89      89502.85     40683.27    130186.12
1959  90-94      19291.09      6730.32     26021.41
1959  95-99       1715.98       475.00      2190.98
1959 100-104       116.00        37.00       153.00
1959 105-109         1.00         4.00         5.00
1959 110+            1.00         0.00         1.00
1960   0        770305.54    809793.91   1580099.45
1960   1-4     3088515.28   3234226.10   6322741.38
1960   5-9     4635999.01   4843821.36   9479820.37
1960  10-14    5146789.92   5340761.96  10487551.88
1960  15-19    4693244.61   4733691.21   9426935.82
1960  20-24    4165228.55   4112265.67   8277494.22
1960  25-29    4045111.12   4040574.33   8085685.45
1960  30-34    3713813.97   3643291.63   7357105.60
1960  35-39    3205064.32   2609158.44   5814222.76
1960  40-44    2640286.15   2217227.18   4857513.33
1960  45-49    2522161.07   2238152.53   4760313.60
1960  50-54    2095179.87   1991105.36   4086285.23
1960  55-59    1808758.44   1779287.11   3588045.55
1960  60-64    1452748.14   1402646.74   2855394.88
1960  65-69    1106277.80    998283.42   2104561.22
1960  70-74     855681.95    677755.33   1533437.28
1960  75-79     570027.00    370107.09    940134.09
1960  80-84     301722.17    164658.57    466380.74
1960  85-89      98415.42     44390.30    142805.72
1960  90-94      20106.98      7108.29     27215.27
1960  95-99       2050.97       540.00      2590.97
1960 100-104       121.00        30.00       151.00
1960 105-109         4.00         3.00         7.00
1960 110+            1.00         0.00         1.00
1961   0        760887.36    797105.24   1557992.60
1961   1-4     3027563.51   3166422.74   6193986.25
1961   5-9     4408172.48   4597023.73   9005196.21
1961  10-14    5455573.40   5680865.98  11136439.38
1961  15-19    4528304.03   4571382.94   9099686.97
1961  20-24    4172177.03   4105522.10   8277699.13
1961  25-29    4125746.99   4106122.27   8231869.26
1961  30-34    3767321.65   3755011.89   7522333.54
1961  35-39    3291316.25   2788859.60   6080175.85
1961  40-44    2732833.93   2244295.22   4977129.15
1961  45-49    2556140.27   2242427.69   4798567.96
1961  50-54    2159990.32   2033504.40   4193494.72
1961  55-59    1846542.09   1795552.06   3642094.15
1961  60-64    1501050.16   1441525.89   2942576.05
1961  65-69    1137891.00   1031027.42   2168918.42
1961  70-74     877460.63    700424.04   1577884.67
1961  75-79     575476.73    375666.70    951143.43
1961  80-84     309770.97    168191.48    477962.45
1961  85-89     105238.28     47420.32    152658.60
1961  90-94      20345.59      7130.26     27475.85
1961  95-99       2381.95       626.00      3007.95
1961 100-104       110.00        32.00       142.00
1961 105-109         7.00         1.00         8.00
1961 110+            1.00         0.00         1.00
1962   0        757380.11    796968.49   1554348.60
1962   1-4     3019308.52   3151725.74   6171034.26
1962   5-9     4204818.86   4382824.37   8587643.23
1962  10-14    5608522.82   5815674.12  11424196.94
1962  15-19    4367639.36   4422573.36   8790212.72
1962  20-24    4305570.40   4247751.64   8553322.04
1962  25-29    4164084.08   4140923.90   8305007.98
1962  30-34    3827699.07   3833134.51   7660833.58
1962  35-39    3396385.37   3033947.09   6430332.46
1962  40-44    2816098.41   2261241.37   5077339.78
1962  45-49    2581976.89   2240705.76   4822682.65
1962  50-54    2289609.51   2095441.02   4385050.53
1962  55-59    1816288.39   1775803.22   3592091.61
1962  60-64    1560910.59   1500079.75   3060990.34
1962  65-69    1187770.50   1076423.39   2264193.89
1962  70-74     878111.24    707479.74   1585590.98
1962  75-79     581646.09    384692.50    966338.59
1962  80-84     317555.49    172540.79    490096.28
1962  85-89     114167.31     50741.11    164908.42
1962  90-94      21067.03      7580.27     28647.30
1962  95-99       2524.95       675.98      3200.93
1962 100-104       115.00        34.00       149.00
1962 105-109        10.00         1.00        11.00
1962 110+            1.00         0.00         1.00
1963   0        770570.50    812257.22   1582827.72
1963   1-4     3049573.54   3183422.11   6232995.65
1963   5-9     4010730.86   4176652.53   8187383.39
1963  10-14    5362089.57   5547349.89  10909439.46
1963  15-19    4591154.07   4660366.65   9251520.72
1963  20-24    4355772.49   4307331.50   8663103.99
1963  25-29    4214725.47   4178200.04   8392925.51
1963  30-34    3933817.57   3959627.83   7893445.40
1963  35-39    3495093.11   3260109.83   6755202.94
1963  40-44    2900973.20   2301928.97   5202902.17
1963  45-49    2590428.56   2227449.49   4817878.05
1963  50-54    2342255.66   2110929.83   4453185.49
1963  55-59    1866675.30   1799229.95   3665905.25
1963  60-64    1618609.26   1551375.42   3169984.68
1963  65-69    1223269.93   1109253.88   2332523.81
1963  70-74     904263.33    733392.60   1637655.93
1963  75-79     585392.19    391495.29    976887.48
1963  80-84     323348.52    174941.09    498289.61
1963  85-89     118766.47     51811.53    170578.00
1963  90-94      22118.83      8057.50     30176.33
1963  95-99       2495.93       662.99      3158.92
1963 100-104       105.00        28.00       133.00
1963 105-109        10.00         0.00        10.00
1963 110+            1.00         1.00         2.00
1964   0        793953.16    833505.78   1627458.94
1964   1-4     3046540.17   3180941.42   6227481.59
1964   5-9     3916256.75   4077533.95   7993790.70
1964  10-14    5039212.50   5201435.43  10240647.93
1964  15-19    4827830.59   4913266.65   9741097.24
1964  20-24    4522491.69   4464611.18   8987102.87
1964  25-29    4173902.61   4136795.84   8310698.45
1964  30-34    3991065.06   4023217.10   8014282.16
1964  35-39    3592561.03   3480809.21   7073370.24
1964  40-44    3038220.94   2409975.68   5448196.62
1964  45-49    2593733.84   2200095.75   4793829.59
1964  50-54    2398069.19   2131717.72   4529786.91
1964  55-59    1913725.34   1827774.89   3741500.23
1964  60-64    1665933.71   1586719.57   3252653.28
1964  65-69    1270975.83   1154451.43   2425427.26
1964  70-74     918692.91    747272.76   1665965.67
1964  75-79     599075.80    413670.26   1012746.06
1964  80-84     334476.89    180861.04    515337.93
1964  85-89     124573.02     54543.06    179116.08
1964  90-94      24826.61      9014.47     33841.08
1964  95-99       2912.83       797.00      3709.83
1964 100-104       115.98        25.00       140.98
1964 105-109         7.00         0.00         7.00
1964 110+            2.00         1.00         3.00
1965   0        822615.00    863738.27   1686353.27
1965   1-4     3072566.58   3204492.07   6277058.65
1965   5-9     3864768.82   4010556.36   7875325.18
1965  10-14    4648903.14   4815999.93   9464903.07
1965  15-19    5121633.56   5209975.99  10331609.55
1965  20-24    4645423.54   4578401.25   9223824.79
1965  25-29    4161724.10   4117102.79   8278826.89
1965  30-34    4030136.57   4069891.02   8100027.59
1965  35-39    3685041.87   3633883.77   7318925.64
1965  40-44    3161316.82   2574573.97   5735890.79
1965  45-49    2594793.42   2168922.71   4763716.13
1965  50-54    2446583.16   2154049.71   4600632.87
1965  55-59    2008500.02   1881922.06   3890422.08
1965  60-64    1691177.86   1603630.71   3294808.57
1965  65-69    1306430.76   1189092.13   2495522.89
1965  70-74     930046.84    765932.82   1695979.66
1965  75-79     631196.13    440447.37   1071643.50
1965  80-84     339969.58    185451.22    525420.80
1965  85-89     130584.24     57476.34    188060.58
1965  90-94      27373.21      9789.30     37162.51
1965  95-99       3028.74       837.94      3866.68
1965 100-104       135.97        35.00       170.97
1965 105-109         9.00         0.00         9.00
1965 110+            1.00         1.00         2.00
1966   0        860440.52    895226.49   1755667.01
1966   1-4     3130848.08   3257541.15   6388389.23
1966   5-9     3810807.50   3950952.31   7761759.81
1966  10-14    4421130.91   4567690.82   8988821.73
1966  15-19    5439900.86   5550313.77  10990214.63
1966  20-24    4475060.84   4400161.66   8875222.50
1966  25-29    4184010.27   4127590.16   8311600.43
1966  30-34    4121486.54   4157600.19   8279086.73
1966  35-39    3746625.27   3754676.17   7501301.44
1966  40-44    3251661.13   2757561.87   6009223.00
1966  45-49    2685618.79   2196576.12   4882194.91
1966  50-54    2482575.58   2160361.84   4642937.42
1966  55-59    2072406.70   1924204.06   3996610.76
1966  60-64    1729666.90   1622854.63   3352521.53
1966  65-69    1351267.84   1223626.43   2574894.27
1966  70-74     960313.46    793147.79   1753461.25
1966  75-79     650198.89    456732.07   1106930.96
1966  80-84     342563.86    188266.30    530830.16
1966  85-89     133956.92     58213.75    192170.67
1966  90-94      28872.96     10391.08     39264.04
1966  95-99       3072.34       876.90      3949.24
1966 100-104       163.95        39.99       203.94
1966 105-109         6.00         0.00         6.00
1966 110+            1.00         1.00         2.00
1967   0        646998.62    693508.57   1340507.19
1967   1-4     3234026.30   3367694.37   6601720.67
1967   5-9     3797554.32   3941227.02   7738781.34
1967  10-14    4211334.65   4352305.18   8563639.83
1967  15-19    5603647.07   5697052.26  11300699.33
1967  20-24    4321488.86   4273504.47   8594993.33
1967  25-29    4305719.50   4245338.37   8551057.87
1967  30-34    4160621.45   4185945.40   8346566.85
1967  35-39    3799871.05   3826697.46   7626568.51
1967  40-44    3361041.45   3001161.09   6362202.54
1967  45-49    2769528.05   2213127.59   4982655.64
1967  50-54    2511577.08   2158434.67   4670011.75
1967  55-59    2198266.72   1979562.41   4177829.13
1967  60-64    1710517.79   1612063.77   3322581.56
1967  65-69    1414606.17   1278462.28   2693068.45
1967  70-74    1006661.35    830656.99   1837318.34
1967  75-79     655869.33    464507.33   1120376.66
1967  80-84     351246.75    196124.39    547371.14
1967  85-89     139597.80     61121.32    200719.12
1967  90-94      32153.65     11394.96     43548.61
1967  95-99       3272.70       985.95      4258.65
1967 100-104       184.95        39.98       224.93
1967 105-109         4.00         2.00         6.00
1967 110+            1.00         1.00         2.00
1968   0        931760.67    977242.07   1909002.74
1968   1-4     3117093.57   3266152.17   6383245.74
1968   5-9     3827998.14   3980400.80   7808398.94
1968  10-14    4017204.19   4156217.53   8173421.72
1968  15-19    5352279.17   5428425.81  10780704.98
1968  20-24    4562069.16   4534143.33   9096212.49
1968  25-29    4347317.73   4291833.13   8639150.86
1968  30-34    4210911.27   4213085.98   8423997.25
1968  35-39    3902178.78   3946570.40   7848749.18
1968  40-44    3455738.57   3220652.92   6676391.49
1968  45-49    2860705.81   2258403.79   5119109.60
1968  50-54    2518759.89   2144237.95   4662997.84
1968  55-59    2256009.00   1994893.00   4250902.00
1968  60-64    1765984.64   1639125.74   3405110.38
1968  65-69    1477055.58   1328537.53   2805593.11
1968  70-74    1043636.42    862928.32   1906564.74
1968  75-79     682083.55    486288.51   1168372.06
1968  80-84     359655.34    203636.00    563291.34
1968  85-89     144527.98     63532.10    208060.08
1968  90-94      34240.34     12036.67     46277.01
1968  95-99       3532.39      1136.00      4668.39
1968 100-104       185.93        56.98       242.91
1968 105-109         2.00         0.00         2.00
1968 110+            2.00         1.00         3.00
1969   0        894477.43    951424.81   1845902.24
1969   1-4     3256921.03   3415596.18   6672517.21
1969   5-9     3838903.29   4000414.93   7839318.22
1969  10-14    3922882.28   4071304.16   7994186.44
1969  15-19    5020135.05   5079738.88  10099873.93
1969  20-24    4812549.87   4795815.56   9608365.43
1969  25-29    4513034.79   4451732.78   8964767.57
1969  30-34    4167297.91   4164185.34   8331483.25
1969  35-39    3961658.76   4007534.50   7969193.26
1969  40-44    3538778.95   3428223.99   6967002.94
1969  45-49    3004876.55   2368026.28   5372902.83
1969  50-54    2522515.20   2117225.91   4639741.11
1969  55-59    2315395.95   2015772.70   4331168.65
1969  60-64    1812034.85   1663227.61   3475262.46
1969  65-69    1530118.98   1365998.89   2896117.87
1969  70-74    1091315.28    902258.50   1993573.78
1969  75-79     697789.82    497746.07   1195535.89
1969  80-84     375316.78    217047.36    592364.14
1969  85-89     150509.98     66206.57    216716.55
1969  90-94      36031.91     12460.49     48492.40
1969  95-99       4070.11      1222.27      5292.38
1969 100-104       230.73        65.94       296.67
1969 105-109         4.98         2.00         6.98
1969 110+            2.00         1.00         3.00
1970   0        902239.60    959253.78   1861493.38
1970   1-4     3331894.33   3500360.37   6832254.70
1970   5-9     3890052.29   4063011.20   7953063.49
1970  10-14    3864281.81   4012113.98   7876395.79
1970  15-19    4634015.65   4710546.19   9344561.84
1970  20-24    5101221.80   5072308.23  10173530.03
1970  25-29    4643927.93   4583748.93   9227676.86
1970  30-34    4147147.63   4138499.25   8285646.88
1970  35-39    4007378.87   4052047.53   8059426.40
1970  40-44    3616394.84   3563213.62   7179608.46
1970  45-49    3128137.58   2528477.69   5656615.27
1970  50-54    2537806.04   2097861.19   4635667.23
1970  55-59    2355558.38   2031280.42   4386838.80
1970  60-64    1904955.72   1711318.11   3616273.83
1970  65-69    1560472.61   1384543.93   2945016.54
1970  70-74    1127498.67    932308.59   2059807.26
1970  75-79     713896.68    513714.39   1227611.07
1970  80-84     398026.39    233248.60    631274.99
1970  85-89     154423.47     68483.21    222906.68
1970  90-94      38291.85     13226.85     51518.70
1970  95-99       4550.66      1347.31      5897.97
1970 100-104       245.56        77.86       323.42
1970 105-109         9.97         2.00        11.97
1970 110+            1.00         0.00         1.00
1971   0        914789.29    965425.15   1880214.44
1971   1-4     3358753.12   3536701.22   6895454.34
1971   5-9     3996271.30   4172440.93   8168712.23
1971  10-14    3814812.75   3967411.12   7782223.87
1971  15-19    4399859.24   4481122.98   8880982.22
1971  20-24    5416683.46   5388787.19  10805470.65
1971  25-29    4478810.82   4423903.40   8902714.22
1971  30-34    4167623.69   4154017.62   8321641.31
1971  35-39    4100253.83   4135552.63   8235806.46
1971  40-44    3673845.76   3677629.82   7351475.58
1971  45-49    3216756.40   2704584.57   5921340.97
1971  50-54    2642500.65   2134603.81   4777104.46
1971  55-59    2384176.69   2031555.69   4415732.38
1971  60-64    1971929.79   1755320.88   3727250.67
1971  65-69    1594438.73   1397086.05   2991524.78
1971  70-74    1182736.24    968795.33   2151531.57
1971  75-79     741454.07    536397.90   1277851.97
1971  80-84     411123.33    244192.97    655316.30
1971  85-89     157735.88     70708.98    228444.86
1971  90-94      39572.69     13668.63     53241.32
1971  95-99       4937.76      1477.49      6415.25
1971 100-104       253.96        93.68       347.64
1971 105-109        11.95         1.99        13.94
1971 110+            0.00         0.00         0.00
1972   0        959175.73   1019654.90   1978830.63
1972   1-4     3629519.20   3815117.30   7444636.50
1972   5-9     3887552.67   4075100.78   7962653.45
1972  10-14    3797305.17   3951768.64   7749073.81
1972  15-19    4197332.95   4302574.78   8499907.73
1972  20-24    5578614.27   5568985.05  11147599.32
1972  25-29    4326401.53   4289534.87   8615936.40
1972  30-34    4294385.64   4274377.04   8568762.68
1972  35-39    4142899.24   4172906.99   8315806.23
1972  40-44    3743700.08   3761435.70   7505135.78
1972  45-49    3322505.59   2944207.78   6266713.37
1972  50-54    2725429.46   2150956.70   4876386.16
1972  55-59    2425667.32   2043500.43   4469167.75
1972  60-64    2104387.52   1814972.26   3919359.78
1972  65-69    1582879.69   1397214.85   2980094.54
1972  70-74    1243436.81   1015758.22   2259195.03
1972  75-79     784090.89    567063.25   1351154.14
1972  80-84     418689.77    250815.01    669504.78
1972  85-89     164872.96     74923.56    239796.52
1972  90-94      42459.15     14732.52     57191.67
1972  95-99       5674.34      1609.22      7283.56
1972 100-104       299.07       107.50       406.57
1972 105-109         5.94         4.98        10.92
1972 110+            0.00         0.00         0.00
1973   0        989428.75   1049672.28   2039101.03
1973   1-4     3702757.49   3907865.92   7610623.41
1973   5-9     4102450.98   4297356.45   8399807.43
1973  10-14    3883919.47   4050951.04   7934870.51
1973  15-19    4055522.65   4165709.92   8221232.57
1973  20-24    5365098.89   5378369.51  10743468.40
1973  25-29    4598770.30   4579093.27   9177863.57
1973  30-34    4380046.22   4364107.56   8744153.78
1973  35-39    4227628.24   4240555.74   8468183.98
1973  40-44    3897948.45   3927787.53   7825735.98
1973  45-49    3438991.39   3179437.29   6618428.68
1973  50-54    2836437.53   2208935.39   5045372.92
1973  55-59    2469579.68   2056049.44   4525629.12
1973  60-64    2185276.20   1857539.31   4042815.51
1973  65-69    1655700.68   1435193.75   3090894.43
1973  70-74    1313091.67   1068702.05   2381793.72
1973  75-79     831493.89    601105.75   1432599.64
1973  80-84     446020.98    268665.02    714686.00
1973  85-89     173430.40     79769.15    253199.55
1973  90-94      45180.28     15861.06     61041.34
1973  95-99       6300.17      1812.41      8112.58
1973 100-104       394.05       120.06       514.11
1973 105-109        10.00         4.00        14.00
1973 110+            0.00         0.00         0.00
1974   0       1006223.89   1063522.52   2069746.41
1974   1-4     3790159.15   4004721.70   7794880.85
1974   5-9     4203492.86   4408961.03   8612453.89
1974  10-14    3893981.83   4069972.60   7963954.43
1974  15-19    3965701.26   4089250.12   8054951.38
1974  20-24    5042020.56   5065934.30  10107954.86
1974  25-29    4840829.76   4853566.13   9694395.89
1974  30-34    4552789.75   4533180.17   9085969.92
1974  35-39    4187036.16   4195664.91   8382701.07
1974  40-44    3968111.90   3999942.25   7968054.15
1974  45-49    3534657.04   3393878.47   6928535.51
1974  50-54    2974452.00   2314496.83   5288948.83
1974  55-59    2483942.89   2039180.21   4523123.10
1974  60-64    2252033.42   1884271.45   4136304.87
1974  65-69    1710164.44   1469093.11   3179257.55
1974  70-74    1362130.91   1105150.93   2467281.84
1974  75-79     877503.65    633659.66   1511163.31
1974  80-84     459478.90    278570.59    738049.49
1974  85-89     183705.89     86724.26    270430.15
1974  90-94      47441.17     16735.86     64177.03
1974  95-99       6536.10      1830.50      8366.60
1974 100-104       424.05       124.05       548.10
1974 105-109        13.00         5.00        18.00
1974 110+            2.00         0.00         2.00
1975   0        976575.17   1033284.54   2009859.71
1975   1-4     3887926.12   4099337.37   7987263.49
1975   5-9     4282876.29   4503546.99   8786423.28
1975  10-14    3941944.52   4125392.69   8067337.21
1975  15-19    3919242.78   4045824.69   7965067.47
1975  20-24    4655238.44   4709591.76   9364830.20
1975  25-29    5124622.75   5157304.99  10281927.74
1975  30-34    4690350.53   4677852.37   9368202.90
1975  35-39    4170884.27   4174661.57   8345545.84
1975  40-44    4014460.66   4049495.11   8063955.77
1975  45-49    3634760.11   3546705.58   7181465.69
1975  50-54    3096552.05   2470985.11   5567537.16
1975  55-59    2498453.95   2020689.00   4519142.95
1975  60-64    2308037.21   1913537.10   4221574.31
1975  65-69    1804873.90   1522937.06   3327810.96
1975  70-74    1393370.93   1126514.78   2519885.71
1975  75-79     916055.62    663129.33   1579184.95
1975  80-84     476230.45    291817.61    768048.06
1975  85-89     196647.26     94384.12    291031.38
1975  90-94      48616.95     17379.57     65996.52
1975  95-99       6726.02      1929.66      8655.68
1975 100-104       432.03       119.06       551.09
1975 105-109        10.00         8.00        18.00
1975 110+            2.00         0.00         2.00
1976   0        906559.64    956046.39   1862606.03
1976   1-4     3928155.69   4132838.79   8060994.48
1976   5-9     4334046.98   4570725.46   8904772.44
1976  10-14    4056935.05   4242739.56   8299674.61
1976  15-19    3869320.56   4003836.47   7873157.03
1976  20-24    4417132.62   4472476.18   8889608.80
1976  25-29    5444441.40   5505340.28  10949781.68
1976  30-34    4525060.29   4525537.21   9050597.50
1976  35-39    4190730.23   4191140.54   8381870.77
1976  40-44    4113829.39   4137800.35   8251629.74
1976  45-49    3705878.84   3670045.12   7375923.96
1976  50-54    3185191.45   2647054.40   5832245.85
1976  55-59    2594593.08   2050430.48   4645023.56
1976  60-64    2349447.22   1929645.38   4279092.60
1976  65-69    1883749.32   1574919.38   3458668.70
1976  70-74    1438157.15   1149921.03   2588078.18
1976  75-79     961091.28    694487.91   1655579.19
1976  80-84     502598.62    310267.25    812865.87
1976  85-89     205473.07    100319.69    305792.76
1976  90-94      50244.15     18412.21     68656.36
1976  95-99       7035.06      1970.50      9005.56
1976 100-104       447.02       107.04       554.06
1976 105-109        17.00         4.00        21.00
1976 110+            1.00         1.00         2.00
1977   0        882725.31    934832.46   1817557.77
1977   1-4     3870735.55   4073265.25   7944000.80
1977   5-9     4650725.83   4891662.94   9542388.77
1977  10-14    3942238.65   4140353.62   8082592.27
1977  15-19    3849421.87   3988993.10   7838414.97
1977  20-24    4218717.71   4285968.42   8504686.13
1977  25-29    5611650.07   5666126.72  11277776.79
1977  30-34    4359922.55   4372991.32   8732913.87
1977  35-39    4320800.28   4310935.00   8631735.28
1977  40-44    4153162.87   4169393.54   8322556.41
1977  45-49    3768983.69   3747067.95   7516051.64
1977  50-54    3293961.41   2882478.30   6176439.71
1977  55-59    2681641.13   2071368.64   4753009.77
1977  60-64    2382700.69   1939543.45   4322244.14
1977  65-69    2002512.17   1630335.29   3632847.46
1977  70-74    1434210.80   1155386.32   2589597.12
1977  75-79    1016763.70    733811.75   1750575.45
1977  80-84     536078.63    330693.30    866771.93
1977  85-89     209620.93    103696.64    313317.57
1977  90-94      53021.30     19581.72     72603.02
1977  95-99       7489.24      2144.60      9633.84
1977 100-104       544.06       109.04       653.10
1977 105-109        18.00         4.00        22.00
1977 110+            0.00         1.00         1.00
1978   0        845710.67    894449.08   1740159.75
1978   1-4     3769729.93   3969579.48   7739309.41
1978   5-9     4696064.70   4950195.57   9646260.27
1978  10-14    4109838.29   4309819.22   8419657.51
1978  15-19    3880434.28   4030828.53   7911262.81
1978  20-24    4031970.93   4102980.98   8134951.91
1978  25-29    5353793.33   5404513.97  10758307.30
1978  30-34    4598002.59   4622846.19   9220848.78
1978  35-39    4371296.14   4365955.62   8737251.76
1978  40-44    4203787.61   4201837.80   8405625.41
1978  45-49    3876195.89   3866833.78   7743029.67
1978  50-54    3394026.81   3097622.12   6491648.93
1978  55-59    2772559.18   2113855.50   4886414.68
1978  60-64    2400213.99   1934407.45   4334621.44
1978  65-69    2065628.43   1664072.61   3729701.04
1978  70-74    1491788.83   1185995.44   2677784.27
1978  75-79    1070854.42    773556.05   1844410.47
1978  80-84     569257.11    352856.33    922113.44
1978  85-89     224035.81    112419.76    336455.57
1978  90-94      56402.87     21274.37     77677.24
1978  95-99       8227.35      2383.80     10611.15
1978 100-104       590.06       111.04       701.10
1978 105-109        18.00         8.00        26.00
1978 110+            0.00         1.00         1.00
1979   0        824740.48    871338.35   1696078.83
1979   1-4     3611404.59   3807925.07   7419329.66
1979   5-9     4802455.88   5056601.80   9859057.68
1979  10-14    4210054.76   4422488.08   8632542.84
1979  15-19    3892861.33   4048277.59   7941138.92
1979  20-24    3942832.23   4025246.44   7968078.67
1979  25-29    5030664.99   5072373.16  10103038.15
1979  30-34    4831193.17   4876508.88   9707702.05
1979  35-39    4543027.29   4530463.91   9073491.20
1979  40-44    4161848.80   4152239.26   8314088.06
1979  45-49    3934834.65   3926046.89   7860881.54
1979  50-54    3494825.86   3306758.00   6801583.86
1979  55-59    2909550.91   2218518.29   5128069.20
1979  60-64    2407235.87   1915432.60   4322668.47
1979  65-69    2132429.08   1694055.62   3826484.70
1979  70-74    1545518.79   1222445.48   2767964.27
1979  75-79    1119849.23    807129.75   1926978.98
1979  80-84     611234.76    378204.85    989439.61
1979  85-89     236883.06    119608.48    356491.54
1979  90-94      61763.47     24122.88     85886.35
1979  95-99       9041.60      2633.96     11675.56
1979 100-104       651.08       132.07       783.15
1979 105-109        18.00         4.00        22.00
1979 110+            0.00         2.00         2.00
1980   0        790997.12    836941.33   1627938.45
1980   1-4     3461361.81   3645671.33   7107033.14
1980   5-9     4870793.99   5127487.89   9998281.88
1980  10-14    4291901.56   4514910.76   8806812.32
1980  15-19    3946754.68   4111950.80   8058705.48
1980  20-24    3891080.85   3973111.97   7864192.82
1980  25-29    4643895.33   4698632.68   9342528.01
1980  30-34    5109244.06   5163255.35  10272499.41
1980  35-39    4679741.72   4665063.28   9344805.00
1980  40-44    4142691.62   4128960.97   8271652.59
1980  45-49    3976976.41   3965213.09   7942189.50
1980  50-54    3590318.83   3448956.05   7039274.88
1980  55-59    3034423.08   2373118.94   5407542.02
1980  60-64    2416987.85   1896418.30   4313406.15
1980  65-69    2187061.02   1726307.29   3913368.31
1980  70-74    1636006.66   1274106.55   2910113.21
1980  75-79    1155066.50    830295.91   1985362.41
1980  80-84     645446.34    401975.14   1047421.48
1980  85-89     252345.11    129870.64    382215.75
1980  90-94      69179.71     27321.85     96501.56
1980  95-99       9740.68      2937.19     12677.87
1980 100-104       732.06       169.11       901.17
1980 105-109        21.00         4.00        25.00
1980 110+            0.00         1.00         1.00
1981   0        753759.66    794919.33   1548678.99
1981   1-4     3334585.93   3509503.81   6844089.74
1981   5-9     4850049.29   5103392.53   9953441.82
1981  10-14    4347624.29   4583087.97   8930712.26
1981  15-19    4059867.29   4234362.30   8294229.59
1981  20-24    3843836.15   3927901.85   7771738.00
1981  25-29    4405984.64   4454393.01   8860377.65
1981  30-34    5427583.70   5503131.36  10930715.06
1981  35-39    4512139.10   4497378.56   9009517.66
1981  40-44    4162015.91   4141873.96   8303889.87
1981  45-49    4072000.53   4048519.84   8120520.37
1981  50-54    3656132.47   3563180.81   7219313.28
1981  55-59    3123531.69   2542863.97   5666395.66
1981  60-64    2513995.80   1927681.88   4441677.68
1981  65-69    2224942.57   1741426.04   3966368.61
1981  70-74    1712494.60   1322914.72   3035409.32
1981  75-79    1199242.31    851935.08   2051177.39
1981  80-84     679979.53    423509.29   1103488.82
1981  85-89     271135.61    140432.64    411568.25
1981  90-94      72710.04     29453.75    102163.79
1981  95-99      10212.86      3149.49     13362.35
1981 100-104       782.09       161.10       943.19
1981 105-109        24.00         5.00        29.00
1981 110+            0.00         1.00         1.00
1982   0        738757.64    780790.00   1519547.64
1982   1-4     3208548.06   3376944.66   6585492.72
1982   5-9     4764506.43   5012340.86   9776847.29
1982  10-14    4662955.11   4906322.48   9569277.59
1982  15-19    3945548.29   4129271.08   8074819.37
1982  20-24    3829963.79   3925381.06   7755344.85
1982  25-29    4207039.76   4263732.51   8470772.27
1982  30-34    5595191.59   5661962.88  11257154.47
1982  35-39    4348739.19   4349558.16   8698297.35
1982  40-44    4291076.36   4263301.46   8554377.82
1982  45-49    4115512.83   4088101.85   8203614.68
1982  50-54    3718862.30   3636199.08   7355061.38
1982  55-59    3232710.78   2770537.63   6003248.41
1982  60-64    2603473.15   1952023.49   4555496.64
1982  65-69    2261423.10   1754807.57   4016230.67
1982  70-74    1827585.60   1377653.40   3205239.00
1982  75-79    1202662.79    861796.88   2064459.67
1982  80-84     725726.71    452805.31   1178532.02
1982  85-89     293552.62    152041.68    445594.30
1982  90-94      75920.24     31157.58    107077.82
1982  95-99      11072.15      3464.93     14537.08
1982 100-104       858.09       207.14      1065.23
1982 105-109        22.00         5.00        27.00
1982 110+            1.00         1.00         2.00
1983   0        733903.66    772351.87   1506255.53
1983   1-4     3105047.13   3270851.41   6375898.54
1983   5-9     4620287.50   4858859.48   9479146.98
1983  10-14    4709515.42   4963973.95   9673489.37
1983  15-19    4114467.84   4300819.44   8415287.28
1983  20-24    3862647.99   3970706.61   7833354.60
1983  25-29    4018188.19   4082607.90   8100796.09
1983  30-34    5343699.29   5398989.74  10742689.03
1983  35-39    4583413.31   4600612.36   9184025.67
1983  40-44    4344835.74   4321191.46   8666027.20
1983  45-49    4166836.18   4124254.62   8291090.80
1983  50-54    3824671.14   3756009.45   7580680.59
1983  55-59    3332216.04   2978050.13   6310266.17
1983  60-64    2696777.50   1995551.02   4692328.52
1983  65-69    2284826.01   1757825.77   4042651.78
1983  70-74    1896055.05   1413453.23   3309508.28
1983  75-79    1261943.46    894840.49   2156783.95
1983  80-84     772550.49    482479.02   1255029.51
1983  85-89     317926.62    165571.75    483498.37
1983  90-94      84168.28     34900.04    119068.32
1983  95-99      12284.49      3883.44     16167.93
1983 100-104       944.13       244.18      1188.31
1983 105-109        38.00         6.00        44.00
1983 110+            0.00         1.00         1.00
1984   0        729974.82    769658.84   1499633.66
1984   1-4     3015099.80   3175002.85   6190102.65
1984   5-9     4440180.84   4670260.91   9110441.75
1984  10-14    4813226.58   5067978.08   9881204.66
1984  15-19    4220481.30   4418285.35   8638766.65
1984  20-24    3870716.10   3988673.84   7859389.94
1984  25-29    3931680.68   4007041.42   7938722.10
1984  30-34    5021667.06   5068666.34  10090333.40
1984  35-39    4818663.86   4854031.21   9672695.07
1984  40-44    4518029.65   4485464.82   9003494.47
1984  45-49    4125902.17   4080197.37   8206099.54
1984  50-54    3882221.04   3814240.95   7696461.99
1984  55-59    3433173.44   3178868.02   6612041.46
1984  60-64    2832400.95   2096573.95   4928974.90
1984  65-69    2297031.77   1744981.44   4042013.21
1984  70-74    1963706.47   1446973.80   3410680.27
1984  75-79    1318543.76    929707.20   2248250.96
1984  80-84     809609.62    506211.77   1315821.39
1984  85-89     346469.11    179163.40    525632.51
1984  90-94      90734.81     37711.55    128446.36
1984  95-99      13766.83      4648.29     18415.12
1984 100-104      1044.16       276.20      1320.36
1984 105-109        47.00         7.00        54.00
1984 110+            0.00         1.00         1.00
1985   0        721815.08    758922.73   1480737.81
1985   1-4     2956461.55   3108321.61   6064783.16
1985   5-9     4253606.31   4473252.14   8726858.45
1985  10-14    4877816.17   5133888.63  10011704.80
1985  15-19    4308626.94   4518737.50   8827364.44
1985  20-24    3921652.74   4049594.43   7971247.17
1985  25-29    3880237.27   3956070.99   7836308.26
1985  30-34    4637992.80   4698243.21   9336236.01
1985  35-39    5097334.05   5141165.31  10238499.36
1985  40-44    4653586.16   4618531.24   9272117.40
1985  45-49    4108850.10   4061119.35   8169969.45
1985  50-54    3924169.95   3852920.25   7777090.20
1985  55-59    3529742.71   3316261.85   6846004.56
1985  60-64    2956509.66   2245818.84   5202328.50
1985  65-69    2310320.73   1731294.42   4041615.15
1985  70-74    2021994.85   1483487.10   3505481.95
1985  75-79    1406171.02    976489.27   2382660.29
1985  80-84     844707.40    525192.45   1369899.85
1985  85-89     371343.03    192084.98    563428.01
1985  90-94      98299.19     41873.55    140172.74
1985  95-99      15884.24      5305.28     21189.52
1985 100-104      1150.17       329.28      1479.45
1985 105-109        53.00        11.00        64.00
1985 110+            0.00         1.00         1.00
1986   0        686107.01    720857.90   1406964.91
1986   1-4     2916687.63   3060084.96   5976772.59
1986   5-9     4098020.47   4310076.37   8408096.84
1986  10-14    4856545.41   5108155.90   9964701.31
1986  15-19    4356691.40   4582223.60   8938915.00
1986  20-24    4039267.04   4171004.24   8210271.28
1986  25-29    3828323.57   3903805.86   7732129.43
1986  30-34    4403339.34   4463398.88   8866738.22
1986  35-39    5414922.95   5477236.47  10892159.42
1986  40-44    4488489.63   4454889.84   8943379.47
1986  45-49    4127450.49   4075012.03   8202462.52
1986  50-54    4021913.60   3942201.76   7964115.36
1986  55-59    3592973.40   3424716.24   7017689.64
1986  60-64    3047003.87   2409990.81   5456994.68
1986  65-69    2407049.24   1765712.69   4172761.93
1986  70-74    2064478.16   1503660.78   3568138.94
1986  75-79    1483680.78   1022801.69   2506482.47
1986  80-84     882092.87    542817.58   1424910.45
1986  85-89     397692.10    204992.51    602684.61
1986  90-94     108528.48     46590.00    155118.48
1986  95-99      17189.53      5852.17     23041.70
1986 100-104      1274.21       325.31      1599.52
1986 105-109        56.00         7.00        63.00
1986 110+            1.00         2.00         3.00
1987   0        668255.26    707021.06   1375276.32
1987   1-4     2867912.18   3008294.60   5876206.78
1987   5-9     3953024.19   4158240.70   8111264.89
1987  10-14    4769249.51   5017453.57   9786703.08
1987  15-19    4658374.10   4885000.46   9543374.56
1987  20-24    3924479.54   4063808.56   7988288.10
1987  25-29    3805178.78   3885407.42   7690586.20
1987  30-34    4202613.24   4268907.46   8471520.70
1987  35-39    5580932.97   5637300.25  11218233.22
1987  40-44    4325541.52   4311610.02   8637151.54
1987  45-49    4254712.27   4197912.94   8452625.21
1987  50-54    4067254.79   3984757.94   8052012.73
1987  55-59    3657540.03   3500557.77   7158097.80
1987  60-64    3153842.12   2625986.10   5779828.22
1987  65-69    2498673.93   1794770.57   4293444.50
1987  70-74    2102783.25   1522246.35   3625029.60
1987  75-79    1588962.05   1072177.51   2661139.56
1987  80-84     895977.47    555651.20   1451628.67
1987  85-89     432557.42    222840.78    655398.20
1987  90-94     120324.23     51296.29    171620.52
1987  95-99      18451.63      6355.40     24807.03
1987 100-104      1482.24       368.33      1850.57
1987 105-109        57.00         8.00        65.00
1987 110+            1.00         1.00         2.00
1988   0        650869.79    687712.07   1338581.86
1988   1-4     2803244.70   2947741.36   5750986.06
1988   5-9     3842715.76   4040526.64   7883242.40
1988  10-14    4623728.03   4865545.93   9489273.96
1988  15-19    4700562.84   4936158.31   9636721.15
1988  20-24    4081020.05   4218306.63   8299326.68
1988  25-29    3831621.93   3918324.37   7749946.30
1988  30-34    4011852.03   4081338.20   8093190.23
1988  35-39    5328444.99   5376719.72  10705164.71
1988  40-44    4559300.18   4563578.18   9122878.36
1988  45-49    4307009.85   4258717.12   8565726.97
1988  50-54    4119051.44   4025742.71   8144794.15
1988  55-59    3763293.81   3620040.30   7383334.11
1988  60-64    3253916.88   2825125.75   6079042.63
1988  65-69    2592443.62   1839542.63   4431986.25
1988  70-74    2128678.07   1531591.33   3660269.40
1988  75-79    1658602.96   1108890.57   2767493.53
1988  80-84     953255.14    585702.27   1538957.41
1988  85-89     468054.54    240811.37    708865.91
1988  90-94     133992.05     56734.33    190726.38
1988  95-99      21064.84      7268.82     28333.66
1988 100-104      1763.28       468.38      2231.66
1988 105-109        68.00        15.00        83.00
1988 110+            1.00         0.00         1.00
1989   0        636564.29    671357.18   1307921.47
1989   1-4     2722029.40   2865877.35   5587906.75
1989   5-9     3748867.46   3941917.46   7690784.92
1989  10-14    4443880.78   4679376.95   9123257.73
1989  15-19    4802630.28   5040959.49   9843589.77
1989  20-24    4171340.56   4312749.57   8484090.13
1989  25-29    3833812.77   3926276.13   7760088.90
1989  30-34    3921094.85   3995916.19   7917011.04
1989  35-39    5006546.20   5048222.56  10054768.76
1989  40-44    4794576.76   4818730.94   9613307.70
1989  45-49    4476590.20   4423529.45   8900119.65
1989  50-54    4079215.23   3988207.37   8067422.60
1989  55-59    3822089.78   3680203.30   7502293.08
1989  60-64    3353833.18   3019230.41   6373063.59
1989  65-69    2724515.17   1935245.35   4659760.52
1989  70-74    2144478.33   1525265.27   3669743.60
1989  75-79    1724939.38   1143077.87   2868017.25
1989  80-84    1013121.84    616655.10   1629776.94
1989  85-89     495906.41    254988.19    750894.60
1989  90-94     148584.67     61821.07    210405.74
1989  95-99      23295.59      7990.35     31285.94
1989 100-104      1987.35       541.46      2528.81
1989 105-109        90.00        22.00       112.00
1989 110+            3.00         0.00         3.00
1990   0        604135.84    637267.46   1241403.30
1990   1-4     2633800.73   2773982.33   5407783.06
1990   5-9     3681750.30   3868887.16   7550637.46
1990  10-14    4257826.44   4483056.80   8740883.24
1990  15-19    4871567.39   5120505.08   9992072.47
1990  20-24    4242916.20   4387678.78   8630594.98
1990  25-29    3875264.70   3969796.97   7845061.67
1990  30-34    3864126.70   3935755.45   7799882.15
1990  35-39    4622620.55   4676462.80   9299083.35
1990  40-44    5073484.41   5107914.82  10181399.23
1990  45-49    4610428.54   4558598.03   9169026.57
1990  50-54    4059776.90   3972810.15   8032587.05
1990  55-59    3866453.76   3722493.21   7588946.97
1990  60-64    3450905.38   3155060.74   6605966.12
1990  65-69    2846041.21   2076539.46   4922580.67
1990  70-74    2161030.94   1517567.85   3678598.79
1990  75-79    1784896.32   1180530.62   2965426.94
1990  80-84    1086265.64    653095.87   1739361.51
1990  85-89     523490.32    266947.41    790437.73
1990  90-94     161716.35     67168.71    228885.06
1990  95-99      26104.58      9055.47     35160.05
1990 100-104      2339.46       595.53      2934.99
1990 105-109        92.00        22.00       114.00
1990 110+            6.00         1.00         7.00
1991   0        584861.37    614184.97   1199046.34
1991   1-4     2543654.57   2678222.63   5221877.20
1991   5-9     3612408.88   3794874.40   7407283.28
1991  10-14    4103281.59   4321215.96   8424497.55
1991  15-19    4848161.55   5095270.54   9943432.09
1991  20-24    4294299.20   4455718.72   8750017.92
1991  25-29    3979022.22   4070958.86   8049981.08
1991  30-34    3809204.88   3880070.88   7689275.76
1991  35-39    4388036.62   4438450.54   8826487.16
1991  40-44    5388385.22   5442790.69  10831175.91
1991  45-49    4447917.28   4400290.09   8848207.37
1991  50-54    4078995.37   3993449.86   8072445.23
1991  55-59    3963268.96   3811431.08   7774700.04
1991  60-64    3516407.00   3260849.18   6777256.18
1991  65-69    2935017.86   2230308.73   5165326.59
1991  70-74    2256459.31   1552219.20   3808678.51
1991  75-79    1829195.81   1202883.74   3032079.55
1991  80-84    1156238.84    688348.25   1844587.09
1991  85-89     551685.23    277643.08    829328.31
1991  90-94     174685.61     71652.27    246337.88
1991  95-99      29431.69     10215.05     39646.74
1991 100-104      2511.53       647.62      3159.15
1991 105-109        98.00        12.00       110.00
1991 110+            7.00         0.00         7.00
1992   0        592339.06    625696.62   1218035.68
1992   1-4     2469478.62   2596355.72   5065834.34
1992   5-9     3536454.33   3714809.58   7251263.91
1992  10-14    3957796.45   4167163.95   8124960.40
1992  15-19    4756686.13   5000492.34   9757178.47
1992  20-24    4607407.35   4776881.13   9384288.48
1992  25-29    3869697.46   3972674.83   7842372.29
1992  30-34    3785553.66   3860948.73   7646502.39
1992  35-39    4191881.93   4251672.27   8443554.20
1992  40-44    5555446.41   5604530.66  11159977.07
1992  45-49    4292364.46   4264691.95   8557056.41
1992  50-54    4205245.09   4119518.63   8324763.72
1992  55-59    4009969.03   3859194.25   7869163.28
1992  60-64    3579534.48   3331527.53   6911062.01
1992  65-69    3044358.89   2431185.45   5475544.34
1992  70-74    2345507.11   1579543.56   3925050.67
1992  75-79    1870841.26   1221233.67   3092074.93
1992  80-84    1247384.39    725349.85   1972734.24
1992  85-89     566154.77    285685.80    851840.57
1992  90-94     193229.21     78941.93    272171.14
1992  95-99      33014.94     11105.07     44120.01
1992 100-104      2749.63       721.76      3471.39
1992 105-109       115.01        19.01       134.02
1992 110+            4.00         0.00         4.00
1993   0        584253.20    618417.36   1202670.56
1993   1-4     2418635.92   2543907.24   4962543.16
1993   5-9     3448754.02   3624148.22   7072902.24
1993  10-14    3847064.17   4048419.64   7895483.81
1993  15-19    4612161.35   4847128.57   9459289.92
1993  20-24    4651794.54   4836755.28   9488549.82
1993  25-29    4030838.65   4136697.10   8167535.75
1993  30-34    3814643.15   3896994.91   7711638.06
1993  35-39    4003154.80   4067551.29   8070706.09
1993  40-44    5308515.01   5352009.90  10660524.91
1993  45-49    4526422.72   4516415.63   9042838.35
1993  50-54    4262100.24   4186022.40   8448122.64
1993  55-59    4060712.57   3904454.55   7965167.12
1993  60-64    3684309.54   3443943.65   7128253.19
1993  65-69    3144177.32   2614696.68   5758874.00
1993  70-74    2439639.35   1620655.80   4060295.15
1993  75-79    1895290.75   1227858.26   3123149.01
1993  80-84    1304051.55    750817.68   2054869.23
1993  85-89     611498.37    303599.94    915098.31
1993  90-94     211889.42     85471.51    297360.93
1993  95-99      37311.46     12431.80     49743.26
1993 100-104      3226.70       828.87      4055.57
1993 105-109       117.01        24.00       141.01
1993 110+            6.00         0.00         6.00
1994   0        575290.48    606339.00   1181629.48
1994   1-4     2366249.22   2490639.88   4856889.10
1994   5-9     3356357.79   3527114.48   6883472.27
1994  10-14    3752422.51   3946909.16   7699331.67
1994  15-19    4437959.89   4665764.87   9103724.76
1994  20-24    4744937.37   4934340.38   9679277.75
1994  25-29    4130415.57   4247305.31   8377720.88
1994  30-34    3821015.51   3910680.32   7731695.83
1994  35-39    3914882.11   3986526.66   7901408.77
1994  40-44    4992777.47   5030949.27  10023726.74
1994  45-49    4762404.90   4772655.02   9535059.92
1994  50-54    4433705.41   4352267.13   8785972.54
1994  55-59    4023925.77   3874871.03   7898796.80
1994  60-64    3741466.32   3500896.66   7242362.98
1994  65-69    3243041.32   2792545.78   6035587.10
1994  70-74    2566206.79   1704928.44   4271135.23
1994  75-79    1915554.43   1225194.56   3140748.99
1994  80-84    1357991.17    775960.50   2133951.67
1994  85-89     660580.55    323969.33    984549.88
1994  90-94     229029.65     91676.57    320706.22
1994  95-99      42251.13     13634.36     55885.49
1994 100-104      3710.77       932.00      4642.77
1994 105-109       148.00        33.01       181.01
1994 110+            6.00         0.00         6.00
1995   0        596876.52    628631.89   1225508.41
1995   1-4     2332980.36   2453480.36   4786460.72
1995   5-9     3242598.93   3408295.79   6650894.72
1995  10-14    3683296.83   3868184.62   7551481.45
1995  15-19    4261440.27   4480664.81   8742105.08
1995  20-24    4801556.21   4999622.50   9801178.71
1995  25-29    4208589.39   4332844.62   8541434.01
1995  30-34    3867476.75   3963992.05   7831468.80
1995  35-39    3860807.44   3931147.48   7791954.92
1995  40-44    4611623.34   4662350.18   9273973.52
1995  45-49    5045604.62   5068369.89  10113974.51
1995  50-54    4569791.02   4487009.45   9056800.47
1995  55-59    4008745.33   3868255.99   7877001.32
1995  60-64    3784678.38   3542469.09   7327147.47
1995  65-69    3339501.14   2918234.07   6257735.21
1995  70-74    2686164.03   1832006.29   4518170.32
1995  75-79    1935626.49   1221689.82   3157316.31
1995  80-84    1414954.26    805952.35   2220906.61
1995  85-89     717204.17    346203.06   1063407.23
1995  90-94     245304.48     96834.41    342138.89
1995  95-99      46755.80     14933.65     61689.45
1995 100-104      4236.85      1083.14      5319.99
1995 105-109       188.01        45.03       233.04
1995 110+            7.00         1.00         8.00
1996   0        568165.69    594780.36   1162946.05
1996   1-4     2330512.32   2450014.90   4780527.22
1996   5-9     3144685.97   3303758.64   6448444.61
1996  10-14    3612581.09   3790488.48   7403069.57
1996  15-19    4103235.67   4317091.78   8420327.45
1996  20-24    4781838.87   4982782.30   9764621.17
1996  25-29    4256862.12   4390112.22   8646974.34
1996  30-34    3974284.36   4074880.17   8049164.53
1996  35-39    3811187.20   3883219.79   7694406.99
1996  40-44    4379459.24   4425901.06   8805360.30
1996  45-49    5362155.61   5404453.29  10766608.90
1996  50-54    4406989.21   4327938.01   8734927.22
1996  55-59    4031506.51   3894417.43   7925923.94
1996  60-64    3881123.72   3632498.34   7513622.06
1996  65-69    3402046.64   3015612.80   6417659.44
1996  70-74    2777457.53   1970749.21   4748206.74
1996  75-79    2026887.39   1254030.74   3280918.13
1996  80-84    1464452.40    825321.59   2289773.99
1996  85-89     771438.03    366706.34   1138144.37
1996  90-94     262751.13    100616.42    363367.55
1996  95-99      51720.69     15798.89     67519.58
1996 100-104      4901.97      1265.35      6167.32
1996 105-109       197.00        30.00       227.00
1996 110+            8.00         1.00         9.00
1997   0        584645.93    616974.69   1201620.62
1997   1-4     2311748.04   2427269.27   4739017.31
1997   5-9     3071160.01   3226217.75   6297377.76
1997  10-14    3538364.08   3714095.30   7252459.38
1997  15-19    3941596.71   4152173.16   8093769.87
1997  20-24    4703377.22   4906149.74   9609526.96
1997  25-29    4563049.61   4699693.29   9262742.90
1997  30-34    3864640.12   3971994.92   7836635.04
1997  35-39    3788051.66   3862691.08   7650742.74
1997  40-44    4183587.17   4237578.18   8421165.35
1997  45-49    5524620.29   5556242.15  11080862.44
1997  50-54    4253326.78   4192585.60   8445912.38
1997  55-59    4159212.80   4019645.64   8178858.44
1997  60-64    3930648.06   3683554.45   7614202.51
1997  65-69    3463592.65   3082898.60   6546491.25
1997  70-74    2887996.57   2156563.61   5044560.18
1997  75-79    2115883.67   1286125.16   3402008.83
1997  80-84    1507128.69    843862.11   2350990.80
1997  85-89     842766.04    391652.02   1234418.06
1997  90-94     276241.54    105493.84    381735.38
1997  95-99      59587.72     17788.09     77375.81
1997 100-104      5717.14      1369.58      7086.72
1997 105-109       239.02        49.03       288.05
1997 110+           10.00         2.00        12.00
1998   0        578496.53    607957.74   1186454.27
1998   1-4     2317084.50   2433772.79   4750857.29
1998   5-9     3004825.78   3158135.61   6162961.39
1998  10-14    3453046.40   3627978.32   7081024.72
1998  15-19    3828148.68   4034774.76   7862923.44
1998  20-24    4552848.53   4751179.13   9304027.66
1998  25-29    4606454.61   4758096.99   9364551.60
1998  30-34    4024692.95   4130236.06   8154929.01
1998  35-39    3817876.11   3897529.05   7715405.16
1998  40-44    3996442.51   4053358.64   8049801.15
1998  45-49    5276727.96   5300001.26  10576729.22
1998  50-54    4485396.21   4438310.42   8923706.63
1998  55-59    4215599.53   4081940.35   8297539.88
1998  60-64    3987630.71   3738042.58   7725673.29
1998  65-69    3567910.94   3189504.02   6757414.96
1998  70-74    2985947.54   2325916.15   5311863.69
1998  75-79    2209549.68   1329668.48   3539218.16
1998  80-84    1549752.70    859056.61   2408809.31
1998  85-89     894540.67    411361.81   1305902.48
1998  90-94     308018.66    115064.36    423083.02
1998  95-99      67560.13     19678.40     87238.53
1998 100-104      6667.43      1539.86      8207.29
1998 105-109       283.04        45.02       328.06
1998 110+           11.00         1.00        12.00
1999   0        582628.72    613519.12   1196147.84
1999   1-4     2322116.33   2438417.98   4760534.31
1999   5-9     2941845.11   3091492.08   6033337.19
1999  10-14    3359887.25   3531789.57   6891676.82
1999  15-19    3738061.98   3940178.66   7678240.64
1999  20-24    4362331.14   4559977.03   8922308.17
1999  25-29    4700519.07   4858009.73   9558528.80
1999  30-34    4123364.86   4234813.50   8358178.36
1999  35-39    3825603.77   3909446.23   7735050.00
1999  40-44    3910332.92   3972795.04   7883127.96
1999  45-49    4960555.93   4975342.35   9935898.28
1999  50-54    4718743.35   4686790.62   9405533.97
1999  55-59    4383533.59   4239255.00   8622788.59
1999  60-64    3958721.03   3717500.09   7676221.12
1999  65-69    3624517.07   3246610.80   6871127.87
1999  70-74    3083737.68   2487004.83   5570742.51
1999  75-79    2336949.86   1411887.20   3748837.06
1999  80-84    1576667.33    863261.43   2439928.76
1999  85-89     946898.98    432031.96   1378930.94
1999  90-94     343006.28    126381.85    469388.13
1999  95-99      75747.60     21503.55     97251.15
1999 100-104      7984.68      1793.07      9777.75
1999 105-109       339.04        56.03       395.07
1999 110+            5.00         2.00         7.00
2000   0        567629.97    598107.93   1165737.90
2000   1-4     2307189.66   2421774.34   4728964.00
2000   5-9     2928719.76   3077247.86   6005967.62
2000  10-14    3246640.45   3414219.87   6660860.32
2000  15-19    3677087.81   3870262.19   7547350.00
2000  20-24    4168801.30   4369757.71   8538559.01
2000  25-29    4753270.59   4918511.33   9671781.92
2000  30-34    4202742.99   4318038.59   8520781.58
2000  35-39    3871882.61   3959476.28   7831358.89
2000  40-44    3859773.71   3918648.37   7778422.08
2000  45-49    4581840.01   4609345.97   9191185.98
2000  50-54    4995348.31   4968052.36   9963400.67
2000  55-59    4515394.26   4362800.04   8878194.30
2000  60-64    3949913.61   3716408.98   7666322.59
2000  65-69    3668123.54   3289209.24   6957332.78
2000  70-74    3176208.01   2597808.89   5774016.90
2000  75-79    2453050.92   1525824.97   3978875.89
2000  80-84    1605781.26    865762.22   2471543.48
2000  85-89     996603.66    452235.58   1448839.24
2000  90-94     377608.16    135963.64    513571.80
2000  95-99      82258.46     22718.11    104976.57
2000 100-104      9000.94      1930.07     10931.01
2000 105-109       403.05        63.04       466.09
2000 110+            8.00         3.00        11.00
2001   0        571545.51    601599.90   1173145.41
2001   1-4     2292304.83   2406927.86   4699232.69
2001   5-9     2911118.93   3058532.97   5969651.90
2001  10-14    3147792.48   3310348.02   6458140.50
2001  15-19    3604177.17   3786139.04   7390316.21
2001  20-24    4012959.48   4221130.86   8234090.34
2001  25-29    4722216.69   4884705.93   9606922.62
2001  30-34    4252025.48   4379190.17   8631215.65
2001  35-39    3979813.83   4068192.84   8048006.67
2001  40-44    3812576.79   3870388.79   7682965.58
2001  45-49    4351849.64   4374431.67   8726281.31
2001  50-54    5308125.58   5293035.60  10601161.18
2001  55-59    4354880.07   4205665.80   8560545.87
2001  60-64    3976399.90   3745425.52   7721825.42
2001  65-69    3768375.53   3382263.02   7150638.55
2001  70-74    3237830.84   2688606.03   5926436.87
2001  75-79    2550226.31   1653382.21   4203608.52
2001  80-84    1700117.61    897887.18   2598004.79
2001  85-89    1046447.21    471143.92   1517591.13
2001  90-94     416582.60    147369.65    563952.25
2001  95-99      91604.56     24538.68    116143.24
2001 100-104     10356.23      2105.13     12461.36
2001 105-109       486.07        85.05       571.12
2001 110+           11.00         1.00        12.00
2002   0        567814.67    598502.19   1166316.86
2002   1-4     2286869.84   2402697.12   4689566.96
2002   5-9     2902024.15   3049066.71   5951090.86
2002  10-14    3073859.28   3233306.82   6307166.10
2002  15-19    3516724.21   3703365.14   7220089.35
2002  20-24    3869115.46   4063863.45   7932978.91
2002  25-29    4636325.65   4799047.95   9435373.60
2002  30-34    4554518.08   4681803.48   9236321.56
2002  35-39    3869613.90   3964083.13   7833697.03
2002  40-44    3789751.89   3847504.46   7637256.35
2002  45-49    4163380.05   4191837.73   8355217.78
2002  50-54    5472092.09   5447142.02  10919234.11
2002  55-59    4207547.12   4080524.47   8288071.59
2002  60-64    4100732.35   3869039.17   7969771.52
2002  65-69    3825443.40   3445262.70   7270706.10
2002  70-74    3302351.90   2751982.73   6054334.63
2002  75-79    2661053.68   1813401.19   4474454.87
2002  80-84    1791175.18    927267.95   2718443.13
2002  85-89    1089737.56    486434.52   1576172.08
2002  90-94     462519.18    159854.06    622373.24
2002  95-99      98564.47     26387.37    124951.84
2002 100-104     12303.68      2429.35     14733.03
2002 105-109       574.08        95.07       669.15
2002 110+           10.00         4.00        14.00
2003   0        558491.93    589713.85   1148205.78
2003   1-4     2281736.82   2401149.19   4682886.01
2003   5-9     2895471.58   3039805.26   5935276.84
2003  10-14    3007165.78   3165802.37   6172968.15
2003  15-19    3429798.53   3622349.93   7052148.46
2003  20-24    3750031.17   3931728.87   7681760.04
2003  25-29    4488628.75   4647148.76   9135777.51
2003  30-34    4596748.98   4733761.95   9330510.93
2003  35-39    4029740.94   4121920.03   8151660.97
2003  40-44    3818747.68   3878818.26   7697565.94
2003  45-49    3981056.40   4011784.09   7992840.49
2003  50-54    5231742.98   5200358.09  10432101.07
2003  55-59    4439414.66   4324882.91   8764297.57
2003  60-64    4158090.83   3937109.56   8095200.39
2003  65-69    3888758.80   3510811.89   7399570.69
2003  70-74    3409834.60   2857981.61   6267816.21
2003  75-79    2758192.39   1955411.03   4713603.42
2003  80-84    1884480.96    963835.05   2848316.01
2003  85-89    1134082.24    500592.29   1634674.53
2003  90-94     500674.03    171351.11    672025.14
2003  95-99     114300.99     29878.67    144179.66
2003 100-104     14293.09      2723.55     17016.64
2003 105-109       709.11       117.09       826.20
2003 110+           16.00         6.00        22.00
2004   0        544415.68    573654.18   1118069.86
2004   1-4     2260331.69   2381357.67   4641689.36
2004   5-9     2901426.34   3046376.28   5947802.62
2004  10-14    2944170.17   3099275.38   6043445.55
2004  15-19    3340242.94   3534697.25   6874940.19
2004  20-24    3643906.57   3819468.58   7463375.15
2004  25-29    4304311.64   4460719.46   8765031.10
2004  30-34    4689574.99   4825840.71   9515415.70
2004  35-39    4129020.82   4225263.13   8354283.95
2004  40-44    3826539.25   3890666.62   7717205.87
2004  45-49    3897629.78   3930678.90   7828308.68
2004  50-54    4923021.62   4885412.05   9808433.67
2004  55-59    4673100.93   4571452.20   9244553.13
2004  60-64    4328740.47   4099729.17   8428469.64
2004  65-69    3864055.12   3502483.94   7366539.06
2004  70-74    3470631.89   2920118.90   6390750.79
2004  75-79    2859108.67   2094666.45   4953775.12
2004  80-84    2003029.68   1028041.43   3031071.11
2004  85-89    1163866.24    506817.34   1670683.58
2004  90-94     538217.89    182626.83    720844.72
2004  95-99     130294.51     33373.76    163668.27
2004 100-104     16515.62      3012.59     19528.21
2004 105-109       901.15       135.08      1036.23
2004 110+           23.00         0.00        23.00
2005   0        535620.84    562577.10   1098197.94
2005   1-4     2233924.69   2352228.79   4586153.48
2005   5-9     2875744.87   3021337.67   5897082.54
2005  10-14    2929625.03   3082019.42   6011644.45
2005  15-19    3238561.77   3431764.20   6670325.97
2005  20-24    3561722.35   3738122.47   7299844.82
2005  25-29    4111648.70   4259781.78   8371430.48
2005  30-34    4743960.74   4884796.35   9628757.09
2005  35-39    4207417.09   4304205.68   8511622.77
2005  40-44    3874393.85   3942902.65   7817296.50
2005  45-49    3848471.56   3875854.90   7724326.46
2005  50-54    4551696.88   4530417.20   9082114.08
2005  55-59    4948949.05   4849832.83   9798781.88
2005  60-64    4465862.23   4229040.30   8694902.53
2005  65-69    3856379.43   3510759.71   7367139.14
2005  70-74    3521298.76   2972505.62   6493804.38
2005  75-79    2954128.37   2194829.43   5148957.80
2005  80-84    2114376.18   1118697.41   3233073.59
2005  85-89    1198154.21    515971.47   1714125.68
2005  90-94     577790.15    195378.07    773168.22
2005  95-99     147487.29     36813.90    184301.19
2005 100-104     18252.05      3313.66     21565.71
2005 105-109      1068.17       134.06      1202.23
2005 110+           23.00         0.00        23.00
2006   0        508239.80    531888.84   1040128.64
2006   1-4     2181774.15   2292261.82   4474035.97
2006   5-9     2879369.04   3028486.60   5907855.64
2006  10-14    2913689.99   3065483.38   5979173.37
2006  15-19    3140444.86   3321033.74   6461478.60
2006  20-24    3496563.47   3682906.35   7179469.82
2006  25-29    3945797.32   4085443.83   8031241.15
2006  30-34    4718221.34   4860463.19   9578684.53
2006  35-39    4255150.30   4361938.52   8617088.82
2006  40-44    3985607.04   4055420.68   8041027.72
2006  45-49    3802248.27   3827476.74   7629725.01
2006  50-54    4325850.87   4302735.49   8628586.36
2006  55-59    5263172.09   5170096.66  10433268.75
2006  60-64    4309451.01   4079508.26   8388959.27
2006  65-69    3886013.89   3549125.09   7435138.98
2006  70-74    3622913.51   3068047.57   6690961.08
2006  75-79    3017303.48   2273809.36   5291112.84
2006  80-84    2208288.88   1216428.00   3424716.88
2006  85-89    1278570.22    539192.75   1817762.97
2006  90-94     610429.56    203526.79    813956.35
2006  95-99     163212.88     39649.32    202862.20
2006 100-104     20442.63      3508.58     23951.21
2006 105-109      1199.20       143.06      1342.26
2006 110+           18.00         2.00        20.00
2007   0        530034.45    557698.04   1087732.49
2007   1-4     2127672.01   2232651.72   4360323.73
2007   5-9     2860478.64   3007464.21   5867942.85
2007  10-14    2908031.74   3060883.69   5968915.43
2007  15-19    3053681.97   3218754.82   6272436.79
2007  20-24    3445078.88   3631654.29   7076733.17
2007  25-29    3811249.32   3952531.70   7763781.02
2007  30-34    4636970.09   4785109.06   9422079.15
2007  35-39    4562119.21   4677547.89   9239667.10
2007  40-44    3876856.27   3956713.90   7833570.17
2007  45-49    3782153.94   3813377.18   7595531.12
2007  50-54    4141384.22   4129816.83   8271201.05
2007  55-59    5429759.63   5328877.27  10758636.90
2007  60-64    4161091.92   3950203.31   8111295.23
2007  65-69    4014956.39   3671682.71   7686639.10
2007  70-74    3684017.88   3129728.74   6813746.62
2007  75-79    3081277.91   2326558.01   5407835.92
2007  80-84    2305534.34   1337311.28   3642845.62
2007  85-89    1356543.24    560980.46   1917523.70
2007  90-94     639973.98    210928.50    850902.48
2007  95-99     181934.78     43064.70    224999.48
2007 100-104     21997.35      3848.91     25846.26
2007 105-109      1380.25       149.07      1529.32
2007 110+           30.00         3.00        33.00
2008   0        527273.24    556445.97   1083719.21
2008   1-4     2104260.36   2207404.83   4311665.19
2008   5-9     2834908.01   2981512.19   5816420.20
2008  10-14    2904018.01   3053895.52   5957913.53
2008  15-19    2985936.15   3147319.83   6133255.98
2008  20-24    3371713.97   3551397.85   6923111.82
2008  25-29    3707437.43   3848776.04   7556213.47
2008  30-34    4498861.75   4646881.35   9145743.10
2008  35-39    4609628.74   4744338.84   9353967.58
2008  40-44    4038280.43   4120509.53   8158789.96
2008  45-49    3814813.13   3854020.73   7668833.86
2008  50-54    3962090.14   3958740.60   7920830.74
2008  55-59    5193986.97   5095978.97  10289965.94
2008  60-64    4392383.23   4190022.86   8582406.09
2008  65-69    4077223.76   3737507.03   7814730.79
2008  70-74    3747139.51   3192623.54   6939763.05
2008  75-79    3188468.92   2419623.82   5608092.74
2008  80-84    2398085.29   1444183.22   3842268.51
2008  85-89    1434298.60    586286.99   2020585.59
2008  90-94     669246.17    218104.91    887351.08
2008  95-99     197633.46     46471.78    244105.24
2008 100-104     25640.85      4356.48     29997.33
2008 105-109      1627.35       182.10      1809.45
2008 110+           39.00         4.00        43.00
2009   0        528134.17    555115.10   1083249.27
2009   1-4     2085269.67   2188841.41   4274111.08
2009   5-9     2794523.66   2938321.60   5732845.26
2009  10-14    2910485.29   3058685.31   5969170.60
2009  15-19    2928007.37   3087784.37   6015791.74
2009  20-24    3278050.39   3444302.34   6722352.73
2009  25-29    3624584.48   3767680.58   7392265.06
2009  30-34    4325986.39   4476344.44   8802330.83
2009  35-39    4707841.93   4853664.45   9561506.38
2009  40-44    4141381.16   4232959.42   8374340.58
2009  45-49    3825273.49   3874369.03   7699642.52
2009  50-54    3882179.30   3886128.38   7768307.68
2009  55-59    4890472.26   4797045.91   9687518.17
2009  60-64    4627832.36   4437070.87   9064903.23
2009  65-69    4245069.39   3888353.42   8133422.81
2009  70-74    3727518.77   3189164.96   6916683.73
2009  75-79    3250899.25   2475858.19   5726757.44
2009  80-84    2494945.25   1549271.04   4044216.29
2009  85-89    1530220.24    628302.72   2158522.96
2009  90-94     688509.46    220712.57    909222.03
2009  95-99     213070.47     49506.74    262577.21
2009 100-104     29224.44      4705.04     33929.48
2009 105-109      1811.52       179.11      1990.63
2009 110+           46.00         4.00        50.00
2010   0        514768.05    540945.28   1055713.33
2010   1-4     2073142.77   2175461.14   4248603.91
2010   5-9     2756294.71   2894941.39   5651236.10
2010  10-14    2878621.48   3022267.99   5900889.47
2010  15-19    2930193.75   3093110.21   6023303.96
2010  20-24    3158620.23   3315162.07   6473782.30
2010  25-29    3563992.02   3702121.06   7266113.08
2010  30-34    4147967.65   4296510.20   8444477.85
2010  35-39    4770853.45   4930974.17   9701827.62
2010  40-44    4225844.90   4325642.09   8551486.99
2010  45-49    3875935.24   3934608.30   7810543.54
2010  50-54    3834617.46   3837786.75   7672404.21
2010  55-59    4526243.89   4458883.37   8985127.26
2010  60-64    4906504.29   4718367.10   9624871.39
2010  65-69    4380006.21   4009021.27   8389027.48
2010  70-74    3725498.54   3200824.60   6926323.14
2010  75-79    3304329.43   2527033.10   5831362.53
2010  80-84    2588177.08   1627227.15   4215404.23
2010  85-89    1621591.99    688379.73   2309971.72
2010  90-94     714437.21    225916.11    940353.32
2010  95-99     229899.23     53157.17    283056.40
2010 100-104     33081.93      5283.43     38365.36
2010 105-109      1947.81       198.12      2145.93
2010 110+           54.00         3.00        57.00
2011   0        507528.29    534250.61   1041778.90
2011   1-4     2063303.41   2162908.16   4226211.57
2011   5-9     2691157.67   2823986.88   5515144.55
2011  10-14    2876869.78   3021435.13   5898304.91
2011  15-19    2924524.62   3087702.82   6012227.44
2011  20-24    3054925.82   3205691.92   6260617.74
2011  25-29    3498466.60   3629505.67   7127972.27
2011  30-34    3999764.42   4143700.95   8143465.37
2011  35-39    4752441.75   4917549.26   9669991.01
2011  40-44    4276209.04   4395571.30   8671780.34
2011  45-49    3987802.91   4049398.59   8037201.50
2011  50-54    3790444.10   3797290.34   7587734.44
2011  55-59    4302389.01   4237420.15   8539809.16
2011  60-64    5217749.65   5036666.28  10254415.93
2011  65-69    4228050.73   3867472.09   8095522.82
2011  70-74    3756484.09   3242793.88   6999277.97
2011  75-79    3404744.13   2618552.80   6023296.93
2011  80-84    2651763.49   1691812.05   4343575.54
2011  85-89    1703629.51    752709.22   2456338.73
2011  90-94     769289.25    238244.99   1007534.24
2011  95-99     242212.03     55276.02    297488.05
2011 100-104     36370.71      5597.73     41968.44
2011 105-109      2139.12       204.14      2343.26
2011 110+           61.02         3.00        64.02
2012   0        510371.79    535743.67   1046115.46
2012   1-4     2050043.36   2152577.38   4202620.74
2012   5-9     2650972.18   2780737.97   5431710.15
2012  10-14    2865526.03   3012837.46   5878363.49
2012  15-19    2912187.75   3071814.46   5984002.21
2012  20-24    2997589.30   3143205.00   6140794.30
2012  25-29    3427696.87   3559221.32   6986918.19
2012  30-34    3856609.42   3993223.31   7849832.73
2012  35-39    4668463.36   4830500.05   9498963.41
2012  40-44    4577149.01   4703156.34   9280305.35
2012  45-49    3875268.32   3949778.33   7825046.65
2012  50-54    3767361.14   3780405.67   7547766.81
2012  55-59    4113681.15   4063976.14   8177657.29
2012  60-64    5373531.26   5181669.12  10555200.38
2012  65-69    4077862.47   3745049.40   7822911.87
2012  70-74    3875254.44   3360281.07   7235535.51
2012  75-79    3458718.51   2679025.84   6137744.35
2012  80-84    2715765.65   1743901.26   4459666.91
2012  85-89    1782388.92    827517.87   2609906.79
2012  90-94     818432.45    247687.93   1066120.38
2012  95-99     252351.71     56353.54    308705.25
2012 100-104     39359.61      5952.61     45312.22
2012 105-109      2164.34       236.11      2400.45
2012 110+           63.00         4.00        67.00
2013   0        502635.00    528421.75   1031056.75
2013   1-4     2040317.33   2141784.35   4182101.68
2013   5-9     2617702.15   2745809.93   5363512.08
2013  10-14    2844375.49   2995106.80   5839482.29
2013  15-19    2905965.45   3061707.79   5967673.24
2013  20-24    2949271.72   3092442.24   6041713.96
2013  25-29    3348270.19   3480411.25   6828681.44
2013  30-34    3744766.65   3874406.69   7619173.34
2013  35-39    4524759.88   4678841.06   9203600.94
2013  40-44    4621111.06   4762570.09   9383681.15
2013  45-49    4032890.15   4109949.76   8142839.91
2013  50-54    3797421.45   3820194.12   7617615.57
2013  55-59    3931544.45   3891948.53   7823492.98
2013  60-64    5136448.56   4952866.75  10089315.31
2013  65-69    4301270.57   3978707.60   8279978.17
2013  70-74    3932262.73   3424973.54   7357236.27
2013  75-79    3514422.11   2743352.78   6257774.89
2013  80-84    2806132.32   1820079.72   4626212.04
2013  85-89    1857013.73    893539.60   2750553.33
2013  90-94     864793.55    258475.42   1123268.97
2013  95-99     261763.00     57528.85    319291.85
2013 100-104     41749.50      6184.01     47933.51
2013 105-109      2489.14       233.12      2722.26
2013 110+           65.00         4.00        69.00
2014   0        498150.63    522749.34   1020899.97
2014   1-4     2016670.40   2118007.02   4134677.42
2014   5-9     2597002.17   2723434.77   5320436.94
2014  10-14    2807308.51   2956287.60   5763596.11
2014  15-19    2917557.48   3075533.16   5993090.64
2014  20-24    2894512.55   3035254.78   5929767.33
2014  25-29    3262473.38   3390819.96   6653293.34
2014  30-34    3653455.87   3778157.06   7431612.93
2014  35-39    4346523.14   4496127.90   8842651.04
2014  40-44    4715753.69   4862244.29   9577997.98
2014  45-49    4132110.38   4218066.28   8350176.66
2014  50-54    3803850.88   3837368.41   7641219.29
2014  55-59    3849588.88   3819777.43   7669366.31
2014  60-64    4832243.04   4661538.87   9493781.91
2014  65-69    4529178.54   4217754.34   8746932.88
2014  70-74    4089615.05   3563028.76   7652643.81
2014  75-79    3491095.54   2748661.89   6239757.43
2014  80-84    2866197.90   1878207.87   4744405.77
2014  85-89    1937620.63    961487.47   2899108.10
2014  90-94     923179.36    279072.93   1202252.29
2014  95-99     267681.03     58013.94    325694.97
2014 100-104     44598.68      6636.42     51235.10
2014 105-109      2853.40       241.12      3094.52
2014 110+           86.00         8.00        94.00
2015   0        479741.95    505714.75    985456.70
2015   1-4     1993056.75   2090717.82   4083774.57
2015   5-9     2575261.56   2702467.00   5277728.56
2015  10-14    2769292.63   2912147.44   5681440.07
2015  15-19    2901673.28   3062795.62   5964468.90
2015  20-24    2887303.95   3029541.36   5916845.31
2015  25-29    3156832.49   3283178.64   6440011.13
2015  30-34    3585666.14   3702913.34   7288579.48
2015  35-39    4164074.10   4304982.71   8469056.81
2015  40-44    4775882.61   4928619.24   9704501.85
2015  45-49    4210761.85   4305660.79   8516422.64
2015  50-54    3851621.62   3893736.38   7745358.00
2015  55-59    3798409.58   3771561.88   7569971.46
2015  60-64    4469489.25   4332853.76   8802343.01
2015  65-69    4797498.91   4486990.20   9284489.11
2015  70-74    4215635.14   3672384.37   7888019.51
2015  75-79    3482959.99   2763937.42   6246897.41
2015  80-84    2912665.77   1930675.57   4843341.34
2015  85-89    2014436.00   1014799.29   3029235.29
2015  90-94     979013.61    307909.64   1286923.25
2015  95-99     279170.71     59569.49    338740.20
2015 100-104     47705.41      7230.77     54936.18
2015 105-109      3077.59       307.14      3384.73
2015 110+          100.00         6.00       106.00
2016   0        466112.07    486816.75    952928.82
2016   1-4     1947347.43   2039339.35   3986686.78
2016   5-9     2571958.58   2703062.93   5275021.51
2016  10-14    2701626.13   2837124.61   5538750.74
2016  15-19    2910610.60   3073891.85   5984502.45
2016  20-24    2879107.10   3024930.80   5904037.90
2016  25-29    3065348.18   3188415.52   6253763.70
2016  30-34    3518704.19   3631826.82   7150531.01
2016  35-39    4012681.61   4147758.58   8160440.19
2016  40-44    4754066.18   4907585.46   9661651.64
2016  45-49    4260201.46   4368841.14   8629042.60
2016  50-54    3959012.87   4007260.56   7966273.43
2016  55-59    3752887.77   3728791.38   7481679.15
2016  60-64    4246419.69   4120573.48   8366993.17
2016  65-69    5098932.14   4786856.10   9885788.24
2016  70-74    4065010.45   3539286.67   7604297.12
2016  75-79    3516187.99   2811616.07   6327804.06
2016  80-84    3004071.89   2019875.27   5023947.16
2016  85-89    2072227.46   1064589.93   3136817.39
2016  90-94    1037719.03    340916.32   1378635.35
2016  95-99     304403.60     64292.02    368695.62
2016 100-104     50287.82      7510.11     57797.93
2016 105-109      3328.84       329.11      3657.95
2016 110+           90.00         5.00        95.00
2017   0        473250.90    499763.45    973014.35
2017   1-4     1919413.15   2010813.91   3930227.06
2017   5-9     2556546.40   2686797.39   5243343.79
2017  10-14    2660264.71   2794526.13   5454790.84
2017  15-19    2889504.83   3041921.90   5931426.73
2017  20-24    2893115.39   3038198.75   5931314.14
2017  25-29    3002711.71   3125183.20   6127894.91
2017  30-34    3449693.07   3567062.96   7016756.03
2017  35-39    3871224.02   4003727.53   7874951.55
2017  40-44    4672677.13   4825846.54   9498523.67
2017  45-49    4565528.87   4681175.07   9246703.94
2017  50-54    3851280.27   3910481.66   7761761.93
2017  55-59    3731092.70   3715094.10   7446186.80
2017  60-64    4057141.13   3948816.40   8005957.53
2017  65-69    5252839.51   4923914.62  10176754.13
2017  70-74    3925489.90   3430736.96   7356226.86
2017  75-79    3640093.12   2922865.61   6562958.73
2017  80-84    3065284.52   2085263.47   5150547.99
2017  85-89    2134053.19   1108858.34   3242911.53
2017  90-94    1095432.63    379608.05   1475040.68
2017  95-99     328141.28     67926.79    396068.07
2017 100-104     52520.03      7533.92     60053.95
2017 105-109      3603.45       354.12      3957.57
2017 110+           90.00         5.00        95.00
2018   0        459161.25    481532.77    940694.02
2018   1-4     1903269.19   1998556.09   3901825.28
2018   5-9     2534565.00   2661352.28   5195917.28
2018  10-14    2627689.84   2762332.94   5390022.78
2018  15-19    2860922.26   3008730.62   5869652.88
2018  20-24    2907741.97   3046418.17   5954160.14
2018  25-29    2951268.79   3075072.49   6026341.28
2018  30-34    3372023.94   3494848.94   6866872.88
2018  35-39    3761773.58   3889772.18   7651545.76
2018  40-44    4528770.78   4680775.48   9209546.26
2018  45-49    4616276.49   4747893.79   9364170.28
2018  50-54    4011825.86   4071129.31   8082955.17
2018  55-59    3762551.62   3756515.91   7519067.53
2018  60-64    3875773.26   3780919.89   7656693.15
2018  65-69    5021971.04   4706646.16   9728617.20
2018  70-74    4144758.40   3650856.40   7795614.80
2018  75-79    3704101.40   2986013.91   6690115.31
2018  80-84    3134428.26   2155425.46   5289853.72
2018  85-89    2214063.37   1167326.89   3381390.26
2018  90-94    1149505.62    412943.02   1562448.64
2018  95-99     349206.42     71241.29    420447.71
2018 100-104     54790.47      7710.18     62500.65
2018 105-109      3801.44       364.58      4166.02
2018 110+          122.80         7.00       129.80
2019   0        444205.62    466996.80    911202.42
2019   1-4     1871577.75   1966486.90   3838064.65
2019   5-9     2506343.37   2630848.18   5137191.55
2019  10-14    2611623.11   2745123.91   5356747.02
2019  15-19    2818743.88   2964572.39   5783316.27
2019  20-24    2926657.54   3057068.05   5983725.59
2019  25-29    2902137.83   3027251.32   5929389.15
2019  30-34    3287644.29   3411962.12   6699606.41
2019  35-39    3672824.03   3800162.89   7472986.92
2019  40-44    4351613.25   4502964.00   8854577.25
2019  45-49    4715404.64   4853777.92   9569182.56
2019  50-54    4113849.83   4182215.73   8296065.56
2019  55-59    3772736.41   3776358.87   7549095.28
2019  60-64    3794883.22   3712336.84   7507220.06
2019  65-69    4721377.21   4428332.01   9149709.22
2019  70-74    4369054.99   3875134.33   8244189.32
2019  75-79    3857573.66   3107033.44   6964607.10
2019  80-84    3121833.40   2166725.56   5288558.96
2019  85-89    2273139.89   1216337.87   3489477.76
2019  90-94    1208473.94    447203.84   1655677.78
2019  95-99     374983.01     77856.63    452839.64
2019 100-104     56542.97      7821.38     64364.35
2019 105-109      4142.44       391.07      4533.51
2019 110+          124.01         6.00       130.01
2020   0        418551.15    438988.90    857540.05
2020   1-4     1832668.21   1923817.30   3756485.51
2020   5-9     2474719.01   2599334.81   5074053.82
2020  10-14    2591431.74   2723968.74   5315400.48
2020  15-19    2783939.36   2931248.63   5715187.99
2020  20-24    2904198.89   3023754.79   5927953.68
2020  25-29    2910022.13   3035773.55   5945795.68
2020  30-34    3183777.40   3310196.69   6493974.09
2020  35-39    3605574.90   3730833.48   7336408.38
2020  40-44    4172033.95   4319561.08   8491595.03
2020  45-49    4777376.91   4925585.84   9702962.75
2020  50-54    4196431.83   4273965.59   8470397.42
2020  55-59    3823981.27   3834520.44   7658501.71
2020  60-64    3746029.98   3667423.50   7413453.48
2020  65-69    4364183.38   4115690.11   8479873.49
2020  70-74    4629901.32   4126346.00   8756247.32
2020  75-79    3979284.33   3198625.36   7177909.69
2020  80-84    3123369.20   2183319.93   5306689.13
2020  85-89    2320508.75   1259237.67   3579746.42
2020  90-94    1261579.13    474833.65   1736412.78
2020  95-99     399770.17     87313.26    487083.43
2020 100-104     59190.43      8209.10     67399.53
2020 105-109      4487.90       417.24      4905.14
2020 110+          119.19         6.00       125.19
2021   0        396494.24    414707.29    811201.53
2021   1-4     1760460.32   1845764.57   3606224.89
2021   5-9     2448490.17   2569474.96   5017965.13
2021  10-14    2592726.88   2727703.93   5320430.81
2021  15-19    2718696.53   2865337.94   5584034.47
2021  20-24    2902841.37   3019746.58   5922587.95
2021  25-29    2909454.41   3032576.42   5942030.83
2021  30-34    3095696.66   3220553.71   6316250.37
2021  35-39    3538427.47   3662456.11   7200883.58
2021  40-44    4022311.97   4166868.63   8189180.60
2021  45-49    4754127.15   4906489.71   9660616.86
2021  50-54    4249576.83   4342052.04   8591628.87
2021  55-59    3932685.78   3946834.63   7879520.41
2021  60-64    3703561.95   3628672.75   7332234.70
2021  65-69    4145707.22   3915932.34   8061639.56
2021  70-74    4920153.90   4400997.29   9321151.19
2021  75-79    3834638.23   3075393.36   6910031.59
2021  80-84    3164755.93   2233759.51   5398515.44
2021  85-89    2413105.42   1332020.68   3745126.10
2021  90-94    1311149.28    505781.12   1816930.40
2021  95-99     433034.71     99806.85    532841.56
2021 100-104     67229.86      9283.57     76513.43
2021 105-109      4916.09       443.54      5359.63
2021 110+          141.43         2.00       143.43
2022   0        395219.93    415313.74    810533.67
2022   1-4     1693261.37   1772018.33   3465279.70
2022   5-9     2408520.12   2530458.18   4938978.30
2022  10-14    2570967.27   2703779.43   5274746.70
2022  15-19    2672549.08   2817758.23   5490307.31
2022  20-24    2884309.55   3004864.52   5889174.07
2022  25-29    2913770.69   3034526.41   5948297.10
2022  30-34    3026332.03   3147940.78   6174272.81
2022  35-39    3465930.60   3588804.59   7054735.19
2022  40-44    3877215.16   4015975.45   7893190.61
2022  45-49    4669101.06   4819441.45   9488542.51
2022  50-54    4549344.38   4648339.62   9197684.00
2022  55-59    3824301.72   3848449.26   7672750.98
2022  60-64    3682559.36   3612900.23   7295459.59
2022  65-69    3966923.82   3758525.93   7725449.75
2022  70-74    5066890.03   4526713.32   9593603.35
2022  75-79    3703412.26   2983538.70   6686950.96
2022  80-84    3279131.75   2331876.01   5611007.76
2022  85-89    2470902.92   1385130.57   3856033.49
2022  90-94    1353942.85    531023.78   1884966.63
2022  95-99     460781.83    112591.32    573373.15
2022 100-104     73678.28      9960.31     83638.59
2022 105-109      5183.82       486.36      5670.18
2022 110+          157.99         5.00       162.99
2023   0        375026.95    394672.75    769699.70
2023   1-4     1639732.23   1718069.97   3357802.20
2023   5-9     2360584.97   2478698.76   4839283.73
2023  10-14    2545643.05   2674309.16   5219952.21
2023  15-19    2635890.62   2777328.20   5413218.82
2023  20-24    2860343.77   2991854.32   5852198.09
2023  25-29    2916550.90   3031274.99   5947825.89
2023  30-34    2967006.20   3087578.39   6054584.59
2023  35-39    3383205.55   3507939.26   6891144.81
2023  40-44    3764189.97   3894884.00   7659073.97
2023  45-49    4519858.46   4667462.74   9187321.20
2023  50-54    4597163.12   4711201.84   9308364.96
2023  55-59    3979828.19   4002352.01   7982180.20
2023  60-64    3714048.44   3651239.73   7365288.17
2023  65-69    3792993.31   3599886.00   7392879.31
2023  70-74    4844180.29   4323862.85   9168043.14
2023  75-79    3910910.11   3183564.91   7094475.02
2023  80-84    3332388.43   2381909.10   5714297.53
2023  85-89    2525464.56   1432373.93   3957838.49
2023  90-94    1396577.41    554956.95   1951534.36
2023  95-99     476427.45    120143.27    596570.72
2023 100-104     76812.27     10220.11     87032.38
2023 105-109      5267.88       469.83      5737.71
2023 110+          165.72         5.46       171.18
